"
McCracken, Paul Winston, 1915-
",lcnaf,
"
Morrissey, Lewis A.
",lcnaf,
" DeVine, Edmond Francis ",lcnaf,
" Pohrt, Karl, 1948-2013.",lcnaf,
"Abbitt, W. H.",lcnaf,
"Abbot, Henry L. (Henry Larcom), 1831-1927.",lcnaf,
"Abbot, Waldo, 1888-",lcnaf,http://id.loc.gov/authorities/names/no97066767
"Abbot, Willis J. (Willis John), 1863-1934.",lcnaf,http://id.loc.gov/authorities/names/n89605398
"Abbott, Bud.",lcnaf,
"Abbott, Donald Putnam.",lcnaf,http://id.loc.gov/authorities/names/n81042314
"Abbott, Horatio J. (Horatio Johnson), 1876-1936",lcnaf,http://id.loc.gov/authorities/names/no2008182920
"Abbott, James.",lcnaf,
"Abbott, Leonard Dalton, 1878-1953.",lcnaf,http://id.loc.gov/authorities/names/n93027067
"Abbott, Nathan, 1854-1941.",lcnaf,http://id.loc.gov/authorities/names/n85248290
"Abbott, Sidney D., b. 1826.",lcnaf,
"Abdel-Massih, Ernest T.",lcnaf,http://id.loc.gov/authorities/names/n50034811
"Abel, Henry J., 1890-1953.",lcnaf,
"Abel, John Jacob, 1857-1938.",lcnaf,http://id.loc.gov/authorities/names/n82108754
"Aberbach, Joel D.",lcnaf,http://id.loc.gov/authorities/names/n81028152
"Abernethy, Alonzo, 1836-1915.",lcnaf,
"Abraham, Nabeel.",lcnaf,http://id.loc.gov/authorities/names/n82042224
"Abrams, Alan E.",lcnaf,http://id.loc.gov/authorities/names/n79036572
"Abrams, G. D. (Gerald David), 1932-",lcnaf,http://id.loc.gov/authorities/names/nr92042288
"Abu Ayn, Ziyad.",lcnaf,
"Acheson, Dean, 1893-1971.",lcnaf,http://id.loc.gov/authorities/names/n79043447
"Acheson, Phyllis.",lcnaf,
"Achilles, Theodore C. (Theodore Carter), 1905-1986",lcnaf,http://id.loc.gov/authorities/names/n90647223
"Ackley, Gardner.",lcnaf,http://id.loc.gov/authorities/names/n50036889
"Acton, Hugh.",lcnaf,
"Adam, John J., 1807-1888.",lcnaf,
"Adami, J. George (John George), 1862-1926.",lcnaf,http://id.loc.gov/authorities/names/n85801217
"Adamic, Louis, 1899-1951.",lcnaf,http://id.loc.gov/authorities/names/n50036829
"Adams, Adeline B.",lcnaf,
"Adams, Adeline Valentine Pond, d. 1948.",lcnaf,
"Adams, Bertha H. Wright.",lcnaf,
"Adams, Brooks, 1848-1927.",lcnaf,http://id.loc.gov/authorities/names/n50036834
"Adams, Charles C. (Charles Christopher), 1873-1955.",lcnaf,http://id.loc.gov/authorities/names/n87101285
"Adams, Charles Francis, 1835-1915.",lcnaf,http://id.loc.gov/authorities/names/n50036838
"Adams, Charles Francis, 1866-1954.",lcnaf,http://id.loc.gov/authorities/names/n94101860
"Adams, Charles G. (Charles Gilchrist), 1936-",lcnaf,
"Adams, Charles Kendall, 1835-1902.",lcnaf,http://id.loc.gov/authorities/names/n87145383
"Adams, Clark J., 1904-1981.",lcnaf,
"Adams, Donald Earl, 1912-",lcnaf,
"Adams, Edward Francis, 1839-1939.",lcnaf,
"Adams, Elizabeth S.",lcnaf,
"Adams, Elizabeth Sylvia Ann (Douglass), 1821-1905.",lcnaf,
"Adams, Ephraim Douglass, 1865-1930.",lcnaf,http://id.loc.gov/authorities/names/n92098170
"Adams, Ephraim, 1818-1907.",lcnaf,http://id.loc.gov/authorities/names/n88616373
"Adams, Evyn.",lcnaf,
"Adams, Fred Winslow, 1866-1945.",lcnaf,http://id.loc.gov/authorities/names/no2010017101
"Adams, George Plimpton, 1882-1961.",lcnaf,http://id.loc.gov/authorities/names/n82253251
"Adams, Henry Carter, 1851-1921.",lcnaf,http://id.loc.gov/authorities/names/n50036849
"Adams, Henry Carter, 1891-1970.",lcnaf,
"Adams, Henry Foster.",lcnaf,http://id.loc.gov/authorities/names/n85058461
"Adams, Herbert Baxter, 1850-1901.",lcnaf,http://id.loc.gov/authorities/names/n50036850
"Adams, Herbert, 1858-1945.",lcnaf,http://id.loc.gov/authorities/names/nr89014346
"Adams, James P. (James Pickwell), 1895-1969.",lcnaf,
"Adams, James Patrick.",lcnaf,
"Adams, James Truslow, 1878-1949.",lcnaf,http://id.loc.gov/authorities/names/n50036853
"Adams, Jayno W.",lcnaf,
"Adams, John Quincy, 1767-1848.",lcnaf,http://id.loc.gov/authorities/names/n79140988
"Adams, Paul L. (Paul Lincoln), 1908-",lcnaf,
"Adams, R. C.",lcnaf,
"Adams, Randolph Greenfield, 1892-1951.",lcnaf,http://id.loc.gov/authorities/names/n89613731
"Adams, Sherman, 1899-1986.",lcnaf,http://id.loc.gov/authorities/names/n81005141
"Adams, Theodore Wright, 1896-",lcnaf,
"Adams, Thomas Hammond, 1901-",lcnaf,
"Adams, Walter Sydney, 1876-1956.",lcnaf,http://id.loc.gov/authorities/names/no96049328
"Adams, Wilbur Christopher.",lcnaf,
"Adamson, Thomas Charles.",lcnaf,http://id.loc.gov/authorities/names/n81019954
"Adamus, Greg.",lcnaf,
"Adamus, Stanley, 1922-1988.",lcnaf,
"Addams, Jane, 1860-1935.",lcnaf,http://id.loc.gov/authorities/names/n79104234
"Addes, George F., 1910-",lcnaf,http://id.loc.gov/authorities/names/n91001033
"Adel, Arthur, 1908-1994",lcnaf,http://id.loc.gov/authorities/names/no2007087183
"Adenauer, Konrad, 1876-1967.",lcnaf,http://id.loc.gov/authorities/names/n80060444
"Adenauer, Paul.",lcnaf,
"Adkins, Louis H., 1900-",lcnaf,
"Adler, Felix, 1851-1933.",lcnaf,http://id.loc.gov/authorities/names/n79082242
"Adler, Julius Ochs, 1892-1955.",lcnaf,http://id.loc.gov/authorities/names/no2008130480
"Adler, Morris.",lcnaf,http://id.loc.gov/authorities/names/nr89010045
"Adler, O.",lcnaf,
"Aga-Oglu, Mehmet, 1896-1949",lcnaf,http://id.loc.gov/authorities/names/n87808323
"Agasid, Napoleon.",lcnaf,
"Agassiz, Alexander, 1835-1910.",lcnaf,http://id.loc.gov/authorities/names/n87149270
"Agassiz, Louis, 1807-1873.",lcnaf,http://id.loc.gov/authorities/names/n50041821
"Agassiz, Mabel.",lcnaf,
"Agnew, John Holmes, 1804-1865.",lcnaf,http://id.loc.gov/authorities/names/nr92025505
"Agnew, Spiro T., 1918-1996.",lcnaf,http://id.loc.gov/authorities/names/n79081960
"Agranoff, Bernard W., 1926-",lcnaf,http://id.loc.gov/authorities/names/n79126356
"Aguinaldo, Emilio, 1869-1964.",lcnaf,http://id.loc.gov/authorities/names/n50040351
"Ahern, Richard D.",lcnaf,
"Aherne, Brian.",lcnaf,http://id.loc.gov/authorities/names/n85138108
"Ahmad, Eqbal.",lcnaf,http://id.loc.gov/authorities/names/n85813028
"Ahrens, Henry.",lcnaf,
"Aigler, Ralph W. (Ralph William), 1885-",lcnaf,http://id.loc.gov/authorities/names/nr97027687
"Aigler, Ralph William, 1885-1964.",lcnaf,
"Aiken, George D. (George David), 1892-1984.",lcnaf,http://id.loc.gov/authorities/names/n50033589
"Aiken, Paul C., 1910-1974",lcnaf,http://id.loc.gov/authorities/names/n99270662
"Ailey, Alvin.",lcnaf,http://id.loc.gov/authorities/names/n92006465
"Ainsworth, Arthur Sardius, 1862-",lcnaf,
"Aitken, David Demerest, 1853-1930.",lcnaf,
"Aiton, Arthur Scott, 1894-1955.",lcnaf,
"Aked, Charles Frederic, 1864-1941.",lcnaf,http://id.loc.gov/authorities/names/n88679651
"Akers, Elmer, 1899-",lcnaf,
"Akihito, Crown Prince, son of Hirohito, Emperor of Japan, 1933-",lcnaf,
"Akil, H. Huda.",lcnaf,http://id.loc.gov/authorities/names/n87894814
"Alawan, Charles Khalil.",lcnaf,
"Alawan, Raad.",lcnaf,
"Albers, George, 1891-",lcnaf,
"Albert, Carl Bert, 1908-2000",lcnaf,http://id.loc.gov/authorities/names/n50035395
"Albright, Horace M. (Horace Marden), 1890-1987.",lcnaf,http://id.loc.gov/authorities/names/n50040185
"Albright, William Foxwell, 1891-1971.",lcnaf,http://id.loc.gov/authorities/names/n50041030
"Albright, William.",lcnaf,
"Alcorn, Hugh Meade, 1907-",lcnaf,
"Alden, John Richard, 1908-1991",lcnaf,http://id.loc.gov/authorities/names/n79102865
"Alden, William C. (William Clinton), b. 1871.",lcnaf,
"Aldrich, Cyrus, 1808-1871.",lcnaf,http://id.loc.gov/authorities/names/n2004115531
"Aldrich, Frederick A.",lcnaf,
"Aldrich, J. Frank.",lcnaf,
"Aldrich, Nelson W. (Nelson Wilmarth), 1841-1915.",lcnaf,http://id.loc.gov/authorities/names/no89019687
"Aldrich, R. J.",lcnaf,
"Aldrich, Robert D., 1920-1983.",lcnaf,
"Aldridge, John W.",lcnaf,
"Alexander, John, 1891-",lcnaf,
"Alexander, Michael T.",lcnaf,
"Alexander, Robert, 1945-",lcnaf,
"Alexander, William, 1938-",lcnaf,
"Alger, Frederick Moulton, 1876-1933.",lcnaf,http://id.loc.gov/authorities/names/no2008190062
"Alger, Frederick Moulton, 1907-1967.",lcnaf,http://id.loc.gov/authorities/names/no2008190043
"Alger, R. A. (Russell Alexander), 1836-1907.",lcnaf,http://id.loc.gov/authorities/names/n81099052
"Ali, Muhammad, 1942-",lcnaf,http://id.loc.gov/authorities/names/n79054611
"Allan, Virginia R.",lcnaf,
"Allen, Ada.",lcnaf,
"Allen, Ann Isabella Barry.",lcnaf,
"Allen, B. E. (Basil Ernest), 1919-",lcnaf,
"Allen, D. C.",lcnaf,
"Allen, D. C., collector.",lcnaf,
"Allen, Devere, 1891-1955.",lcnaf,http://id.loc.gov/authorities/names/n50041041
"Allen, Edward Payson, 1839-1909.",lcnaf,http://id.loc.gov/authorities/names/no95049046
"Allen, Elizabeth A.",lcnaf,
"Allen, Elizabeth Howell.",lcnaf,
"Allen, Emmet O. (Emmet Oliver), 1846-1933.",lcnaf,
"Allen, Frances Alfred, 1919-",lcnaf,
"Allen, Francis A.",lcnaf,
"Allen, Francis Alfred, 1919-",lcnaf,
"Allen, Fred, 1894-1956.",lcnaf,http://id.loc.gov/authorities/names/n80139303
"Allen, Frederick Lewis, 1890-1954.",lcnaf,http://id.loc.gov/authorities/names/n50034529
"Allen, Glenn S., 1914-2001.",lcnaf,http://id.loc.gov/authorities/names/no2008133142
"Allen, Glover Morrill, 1879-1942.",lcnaf,http://id.loc.gov/authorities/names/no98077497
"Allen, Henry T. (Henry Tureman), 1859-1930.",lcnaf,http://id.loc.gov/authorities/names/n85062962
"Allen, Hugh Pitzer, 1882-",lcnaf,
"Allen, Irwin, 1916-1991",lcnaf,http://id.loc.gov/authorities/names/n95004265
"Allen, J. A. (Joel Asaph), 1838-1921.",lcnaf,http://id.loc.gov/authorities/names/n50036582
"Allen, John Robins, 1869-1920.",lcnaf,
"Allen, John, 1796-1851.",lcnaf,http://id.loc.gov/authorities/names/n88252325
"Allen, Joseph Henry, 1820-1898.",lcnaf,http://id.loc.gov/authorities/names/n80089245
"Allen, Knatarsha.",lcnaf,
"Allen, Marilyn R.",lcnaf,http://id.loc.gov/authorities/names/n89607523
"Allen, Mildred.",lcnaf,http://id.loc.gov/authorities/names/no93002049
"Allen, Richard, 1760-1831.",lcnaf,http://id.loc.gov/authorities/names/n82078023
"Allen, Rolland Craten, 1881-1948.",lcnaf,http://id.loc.gov/authorities/names/no2008188990
"Allen, Shirley Walter, 1883-",lcnaf,
"Allen, W. B. (William Barclay) 1944-",lcnaf,http://id.loc.gov/authorities/names/n83162877
"Allen, Z. E.",lcnaf,
"Allen-Meares, Paula, 1948-",lcnaf,http://id.loc.gov/authorities/names/n85118978
"Allin, Cephas Daniel, 1875-1927.",lcnaf,
"Allinson, Brent Dow.",lcnaf,
"Allison, Bob, 1934-1995",lcnaf,http://id.loc.gov/authorities/names/n85120053
"Allison, William B. (William Boyd), 1829-1908.",lcnaf,http://id.loc.gov/authorities/names/n88070988
"Allmendinger, David Fredrich, 1848-1916.",lcnaf,
"Allmendinger, David Friedrich, 1848-1916.",lcnaf,
"Allmendinger, Elizabeth C., 1837-1909.",lcnaf,
"Allmendinger, Helen Sophie, 1878-1973.",lcnaf,
"Allmendinger, Helene Sophie, 1878-1973.",lcnaf,
"Allmendinger, Ina.",lcnaf,
"Allmendinger, Martin.",lcnaf,
"Allon, Yigal 1918-1980.",lcnaf,http://id.loc.gov/authorities/names/n80014371
"Allouez, Claude, 1622-1689.",lcnaf,http://id.loc.gov/authorities/names/no2002044412
"Allport, Floyd Henry, 1890-1978",lcnaf,http://id.loc.gov/authorities/names/n50021052
"Allport, Gordon W. (Gordon Willard), 1897-1967.",lcnaf,http://id.loc.gov/authorities/names/n79044016
"Allstorm, Oliver.",lcnaf,http://id.loc.gov/authorities/names/no2011175387
"Alsop, Joseph, 1910-1989",lcnaf,http://id.loc.gov/authorities/names/n81035380
"Altgeld, John Peter, 1847-1902.",lcnaf,http://id.loc.gov/authorities/names/n50021477
"Altmeyer, Arthur Joseph, 1891-1972.",lcnaf,http://id.loc.gov/authorities/names/no95016988
"Alvarado Mendoza, Arturo.",lcnaf,http://id.loc.gov/authorities/names/n87892248
"Alvord, Henry J.",lcnaf,
"Aly, Bower, 1903-1977",lcnaf,http://id.loc.gov/authorities/names/n50024120
"Alzona, Encarnación, 1895-",lcnaf,
"Amaral, Afræanio do, 1894-",lcnaf,
"Amberg, David.",lcnaf,
"Ames, Charles Gordon, 1828-1912.",lcnaf,http://id.loc.gov/authorities/names/n88140354
"Ames, Dewey.",lcnaf,http://id.loc.gov/authorities/names/no2012147597
"Ames, Henry Vandenburg, 1865-1935.",lcnaf,
"Ames, Herman Vandenburg, 1865-1935.",lcnaf,http://id.loc.gov/authorities/names/n50021584
"Ames, James Barr, 1846-1910.",lcnaf,http://id.loc.gov/authorities/names/n86013647
"Ammann, Michael S.",lcnaf,
"Amory, Cleveland.",lcnaf,http://id.loc.gov/authorities/names/n79112392
"Amos, Earl V.",lcnaf,
"Amper, Arcadio.",lcnaf,
"Andaya, Herman.",lcnaf,
"Anders, Günther, 1892-1992.",lcnaf,
"Anderson, Belle Douglass.",lcnaf,
"Anderson, Charles F.",lcnaf,
"Anderson, Clinton Presba, 1895-1975",lcnaf,http://id.loc.gov/authorities/names/n85105390
"Anderson, Eugenie, 1900-",lcnaf,
"Anderson, Godfrey J., d. 1981.",lcnaf,
"Anderson, Henry Clay, 1872-1939.",lcnaf,
"Anderson, Jack, 1922-2005",lcnaf,http://id.loc.gov/authorities/names/n79084441
"Anderson, John Bayard, 1922-",lcnaf,http://id.loc.gov/authorities/names/n50021916
"Anderson, John W., 1906-",lcnaf,
"Anderson, John Wendell, 1867-1945.",lcnaf,
"Anderson, Judith, Dame, 1898-",lcnaf,
"Anderson, Leigh Charles, 1899-",lcnaf,http://id.loc.gov/authorities/names/nr92028826
"Anderson, Mary Douglass.",lcnaf,
"Anderson, N. Charles.",lcnaf,
"Anderson, Rasmus Björn, 1846-1936.",lcnaf,
"Anderson, Susan, 1870-1960.",lcnaf,http://id.loc.gov/authorities/names/n91105665
"Anderson, Tom, 1910-",lcnaf,http://id.loc.gov/authorities/names/n88172283
"Anderson, William Albert, 1840-1903.",lcnaf,
"Anderson, William J.",lcnaf,
"Anderson, William K. (William Knowlton), 1896-1967.",lcnaf,
"Anderson, William K., 1896-1967.",lcnaf,
"Anderson, William P., 1888-",lcnaf,
"Anderson, William, b. 1843.",lcnaf,
"Andresen, Rachel Josephine, 1907-1988.",lcnaf,
"Andrewes, C. H., (Christopher Howard), c Sir.",lcnaf,http://id.loc.gov/authorities/names/n50022516
"Andrews, C. F. (Charles Freer), 1871-1940.",lcnaf,http://id.loc.gov/authorities/names/n80030711
"Andrews, Charles McLean, 1863-1943.",lcnaf,http://id.loc.gov/authorities/names/n50041619
"Andrews, Edmund, 1824-1904.",lcnaf,http://id.loc.gov/authorities/names/n2006021878
"Andrews, Ernest Oliver.",lcnaf,
"Andrews, Harold F.",lcnaf,
"Andrews, Roger, 1874-",lcnaf,
"Angell, Alexis C. (Alexis Caswell), 1857-1932.",lcnaf,
"Angell, Avery Aldrich, 1807-1894.",lcnaf,
"Angell, Carleton Watson, 1887-1963.",lcnaf,
"Angell, George T. (George Thorndike), 1823-1909.",lcnaf,http://id.loc.gov/authorities/names/n85809041
"Angell, James Burrill, 1829-1916.",lcnaf,http://id.loc.gov/authorities/names/no90002065
"Angell, James Rowland, 1869-1949.",lcnaf,http://id.loc.gov/authorities/names/no97001042
"Angell, Norman, Sir, 1874-1967.",lcnaf,http://id.loc.gov/authorities/names/n79043566
"Angell, Robert Cooley, 1899-",lcnaf,
"Angell, Robert Cooley, 1899-1984",lcnaf,http://id.loc.gov/authorities/names/n80015416
"Angell, Sarah Caswell, 1831-1903.",lcnaf,
"Angell, William Robert, 1877-1950.",lcnaf,
"Angelo, Frank.",lcnaf,
"Angus, David L.",lcnaf,http://id.loc.gov/authorities/names/n99005909
"Annenberg, Walter H., 1908-2002",lcnaf,http://id.loc.gov/authorities/names/n50021099
Anonymous officer of the Association of Suburban People.,lcnaf,
"Anspach, Charles Le Roy, 1895-",lcnaf,http://id.loc.gov/authorities/names/no2006077147
"Anthony, Edward Mason, 1922-",lcnaf,http://id.loc.gov/authorities/names/n50021295
"Anthony, Edward.",lcnaf,
"Anthony, Susan B. (Susan Brownell), 1820-1906.",lcnaf,http://id.loc.gov/authorities/names/n82096260
"Applegate, Albert A.",lcnaf,
"Applegate, Harriet Marie.",lcnaf,
"Applington, Zenos, d. 1862.",lcnaf,
"Aprill, Theophil.",lcnaf,
"Araneta, Salvador.",lcnaf,
"Archer, Dennis.",lcnaf,
"Archer, Glenn Leroy, 1906-",lcnaf,
"Ardrey, William C.",lcnaf,http://id.loc.gov/authorities/names/no99004731
"Arendt, Hannah.",lcnaf,
"Arens, Richard.",lcnaf,
"Argoff, Charles, 1902-",lcnaf,
"Ariens Kappers, Cornelius Ubbo, 1877-1946.",lcnaf,http://id.loc.gov/authorities/names/no2001019150
"Arkins, Edwin L.",lcnaf,
"Armour, Norman.",lcnaf,
"Armstrong, Arthur E. (Arthur Edward), 1884-1976.",lcnaf,
"Armstrong, Elsa F. (Elsa Felland), 1890-",lcnaf,
"Armstrong, George Washington, 1866-",lcnaf,http://id.loc.gov/authorities/names/no2001093423
"Armstrong, Hamilton Fish, 1893-1973",lcnaf,http://id.loc.gov/authorities/names/n50001856
"Armstrong, Harriet Seymour.",lcnaf,
"Armstrong, James, 1794-1868.",lcnaf,http://id.loc.gov/authorities/names/n86114557
"Armstrong, Louis, 1900-1971.",lcnaf,
"Armstrong, Louise Van Voorhis, 1885-1948.",lcnaf,
"Armstrong, Moses Kimball, b. 1832.",lcnaf,
"Arndt, Albert F. R.",lcnaf,
"Arnett, Judd, 1911-",lcnaf,
"Arnheim, Rudolf.",lcnaf,http://id.loc.gov/authorities/names/n79071254
"Arnold, Jennie Waterman.",lcnaf,
"Arnold, Keith.",lcnaf,
"Arnold, Melvin Luxton, 1913-",lcnaf,
"Arnold, Orlan.",lcnaf,
"Arnold, Thurman Wesley, 1891-1969.",lcnaf,http://id.loc.gov/authorities/names/n79120287
"Arnold, Virginia Safford.",lcnaf,
"Arnori, M. S.",lcnaf,
"Arnow, Harriette Louisa Simpson, 1908-1986.",lcnaf,http://id.loc.gov/authorities/names/n50002199
"Arps, George Frederick, 1874-1939.",lcnaf,
"Arthur, Chester Alan, 1829-1886.",lcnaf,http://id.loc.gov/authorities/names/n50002601
"Arthur, William Bolling, 1914-",lcnaf,
"Artiaga, Santiago, 1878-1962.",lcnaf,
"Asbury, Hubert, 1891-1963.",lcnaf,
"Asher, Court.",lcnaf,http://id.loc.gov/authorities/names/n91091331
"Ashford, Bailey K. (Bailey Kelly), 1873-1934.",lcnaf,http://id.loc.gov/authorities/names/n84804534
"Ashley, H. W.",lcnaf,
"Ashley, Thomas William Ludlow, 1923-",lcnaf,
"Ashrawi, Hanan.",lcnaf,
"Ashurst, Henry Fountain, 1874-1962",lcnaf,http://id.loc.gov/authorities/names/n92091024
"Askren, D. L.",lcnaf,
"Astin, Allen Varley, 1904-1984",lcnaf,http://id.loc.gov/authorities/names/n95110643
"Astor, John Jacob, 1763-1848.",lcnaf,http://id.loc.gov/authorities/names/n82027832
"Aswad, Barbara C.",lcnaf,http://id.loc.gov/authorities/names/nr95026222
"Aten, Murl K., 1901-1971",lcnaf,http://id.loc.gov/authorities/names/no2009000167
"Atkins, Daniel E. (Daniel Ewell)",lcnaf,http://id.loc.gov/authorities/names/nr92016868
"Atkinson, William F.",lcnaf,
"Attwood, Charles.",lcnaf,
"Attwood, Stephen S. (Stephen Stanley), 1897-1965.",lcnaf,http://id.loc.gov/authorities/names/n87117119
"Atwater, Reginald Myers, 1892-1957.",lcnaf,
"Atwell, Helen M.",lcnaf,
"Atwood, Albert William, 1879-1975.",lcnaf,http://id.loc.gov/authorities/names/n95110782
"Atwood, Margaret, 1939-",lcnaf,http://id.loc.gov/authorities/names/n79102766
"Atwood, Orville E., 1880-",lcnaf,
"Auer, Leopold, 1845-1930.",lcnaf,http://id.loc.gov/authorities/names/n81026496
"Auperle, Eric M.",lcnaf,
"Aupperle, Eric M.",lcnaf,http://id.loc.gov/authorities/names/nr92016715
"Austin, Carolyn.",lcnaf,
"Austin, Judson L.",lcnaf,
"Austin, Mary Hunter, 1868-1934.",lcnaf,http://id.loc.gov/authorities/names/n80145753
"Austin, Warren Robinson, 1877-1963.",lcnaf,
"Autrey-Hunley, Carolyn.",lcnaf,
"Averill, George R., 1893-1971.",lcnaf,
"Avery, Noyes L.",lcnaf,
"Avery, Sewell Lee, 1873-1960.",lcnaf,http://id.loc.gov/authorities/names/no2008190070
"Avery, Waldo A.",lcnaf,
"Avila Camacho, Manuel, 1897-1955.",lcnaf,http://id.loc.gov/authorities/names/n81149546
"Axelrod, Solomon J. (Solomon Jacob), 1912-1987",lcnaf,http://id.loc.gov/authorities/names/n81150235
"Axelrod, Solomon Jacob, 1912-1987.",lcnaf,
"Axtelle, George E. (George Edward), 1893-1974.",lcnaf,http://id.loc.gov/authorities/names/n91076207
"Aydelotte, Frank, 1880-1956.",lcnaf,http://id.loc.gov/authorities/names/n50029781
"Ayers, John C. (John Carr), 1912-",lcnaf,http://id.loc.gov/authorities/names/nr92018740
"Ayres, Clarence Edwin, 1891-1972.",lcnaf,http://id.loc.gov/authorities/names/n79011158
"Ayres, Francis O.",lcnaf,http://id.loc.gov/authorities/names/no2010124335
"Ayres, William H. (William Hanes), 1916-",lcnaf,http://id.loc.gov/authorities/names/n93027752
"Babbitt, Irving, 1865-1933.",lcnaf,http://id.loc.gov/authorities/names/n50031103
"Babbitt, Rube S.",lcnaf,
"Baber, George W. (George Wilbur), 1898-1970.",lcnaf,
"Babicki, Andrew.",lcnaf,
"Babson, Roger Ward, 1875-1967.",lcnaf,http://id.loc.gov/authorities/names/nr88000942
"Babst, Earl D., 1870-1967.",lcnaf,http://id.loc.gov/authorities/names/no98115213
"Bach, Barbara.",lcnaf,
"Bach, Ellen Botsford, 1877-1960.",lcnaf,
"Bach, Frank, 1948-",lcnaf,
"Bach, Peggy, 1950-",lcnaf,
"Bach, Waldo.",lcnaf,
"Bachman, Werner E. (Werner Emmanuel), 1901-1951.",lcnaf,
"Bachmann, Werner Emmanuel, 1901-",lcnaf,
"Bachner, Arnie.",lcnaf,
"Backus, C. K. (Charles K.)",lcnaf,http://id.loc.gov/authorities/names/n85809178
"Backus, Standish.",lcnaf,
"Bacon, Daniel S., 1839-1866.",lcnaf,
"Bacon, Deborah.",lcnaf,
"Bacon, Elbridge F.",lcnaf,
"Bacon, Mark Reeves, 1852-1941.",lcnaf,http://id.loc.gov/authorities/names/no2009198695
"Bader, Arno Lehman.",lcnaf,
"Baer, Max A.",lcnaf,
"Bagley, John Judson, 1832-1881.",lcnaf,
"Bagwell, Paul D.",lcnaf,
"Bagwell, Paul Douglas, 1913-1973.",lcnaf,http://id.loc.gov/authorities/names/no2008190236
"Bahr, Golden C., 1887-1919.",lcnaf,
"Bailey, Bea.",lcnaf,http://id.loc.gov/authorities/names/no2009070890
"Bailey, Franklin H., 1845-1914.",lcnaf,
"Bailey, John Moran, 1904-1975.",lcnaf,http://id.loc.gov/authorities/names/n94105466
"Bailey, L. H. (Liberty Hyde), 1858-1954.",lcnaf,http://id.loc.gov/authorities/names/n50017591
"Bailey, Richard W.",lcnaf,http://id.loc.gov/authorities/names/n80005182
"Bailey, Tom.",lcnaf,
"Bailey, Vernon Howe, 1874-1953.",lcnaf,http://id.loc.gov/authorities/names/no2003036753
"Bailey, Vernon, 1864-1942.",lcnaf,http://id.loc.gov/authorities/names/n82209481
"Bailly de Messein, Joseph, 1774-1835.",lcnaf,http://id.loc.gov/authorities/names/n91067629
"Bain, Read, 1892-",lcnaf,
"Bain, Read.",lcnaf,
"Baird, Andrew C.",lcnaf,
"Baird, Charles, 1870-1944.",lcnaf,
"Baird, Elizabeth Therese Fisher, 1810-1890.",lcnaf,
"Baird, John, 1860-",lcnaf,
"Baird, Spencer Fullerton, 1823-1887.",lcnaf,http://id.loc.gov/authorities/names/n50082080
"Baits, Vera Burridge, 1892-1963.",lcnaf,http://id.loc.gov/authorities/names/no2008190014
"Bakalis, Hrissi.",lcnaf,
"Bakalis, Pete.",lcnaf,
"Bakeless, John Edwin, 1894-1978.",lcnaf,http://id.loc.gov/authorities/names/n50020882
"Baker, Art.",lcnaf,
"Baker, Benjamin B., b. 1840.",lcnaf,
"Baker, Burton L. (Burton Lowell), 1912-1978.",lcnaf,
"Baker, Deane.",lcnaf,
"Baker, Frank C., Mrs.",lcnaf,
"Baker, Frank Collins, 1867-1942.",lcnaf,http://id.loc.gov/authorities/names/n87136992
"Baker, Frederick A., b. 1846.",lcnaf,
"Baker, George Pierce, 1866-1935.",lcnaf,http://id.loc.gov/authorities/names/n50020888
"Baker, George Sumner.",lcnaf,
"Baker, Henry B. (Henry Brooks), 1837-1920.",lcnaf,http://id.loc.gov/authorities/names/no91001162
"Baker, Herbert F., 1862-1930.",lcnaf,
"Baker, Howard Bigelow.",lcnaf,
"Baker, Howard Henry, 1902-1964.",lcnaf,http://id.loc.gov/authorities/names/no2010128220
"Baker, Mary Ursula.",lcnaf,
"Baker, Minnie Dell Sprague, 1858-1934.",lcnaf,
"Baker, Newton Diehl, 1871-1937.",lcnaf,http://id.loc.gov/authorities/names/n86114582
"Baker, Orrin.",lcnaf,
"Baker, Oscar W.",lcnaf,
"Baker, Purley Albert, 1858-1924.",lcnaf,http://id.loc.gov/authorities/names/no97016703
"Baker, Ray Stannard, 1870-1946.",lcnaf,http://id.loc.gov/authorities/names/n84198048
"Baker, Sheridan Warner, 1918-2000.",lcnaf,http://id.loc.gov/authorities/names/n79076481
"Baker, Wayne E.",lcnaf,http://id.loc.gov/authorities/names/n93043323
"Baker, William F.",lcnaf,
"Balch, Emily Greene, 1867-1961.",lcnaf,http://id.loc.gov/authorities/names/n50017609
"Balch, Nathaniel A. (Nathaniel Aldrich), 1808-1894.",lcnaf,
"Bald, F. Clever (Frederick Clever), 1897-1970.",lcnaf,http://id.loc.gov/authorities/names/no97068662
"Baldwin, C. W.",lcnaf,
"Baldwin, Charles.",lcnaf,
"Baldwin, Frank Conger, 1869-1945.",lcnaf,http://id.loc.gov/authorities/names/nr93049607
"Baldwin, Frank Dwight.",lcnaf,
"Baldwin, Henry P. (Henry Porter), 1814-1892.",lcnaf,http://id.loc.gov/authorities/names/no91021187
"Baldwin, Henry Porter, 1814-1892.",lcnaf,http://id.loc.gov/authorities/names/no91021187
"Baldwin, James Mark, 1861-1934.",lcnaf,http://id.loc.gov/authorities/names/n79110535
"Baldwin, R. W.",lcnaf,
"Baldwin, Ralph Belknap, 1912-",lcnaf,http://id.loc.gov/authorities/names/n79081889
"Baldwin, Raymond E. (Raymond Earl), 1893-1986",lcnaf,http://id.loc.gov/authorities/names/n93022476
"Baldwin, Richard L.",lcnaf,http://id.loc.gov/authorities/names/n94056519
"Baldwin, Roger N. (Roger Nash), 1884-1981",lcnaf,http://id.loc.gov/authorities/names/n50017585
"Baldwin, Ruth Standish.",lcnaf,
"Baldwin, William Henry, 1826-1909.",lcnaf,
"Balfour, Arthur James, 1848-1930.",lcnaf,http://id.loc.gov/authorities/names/n50017666
"Ball, George W., 1909-",lcnaf,
"Ball, John, 1794-1884.",lcnaf,http://id.loc.gov/authorities/names/n95035082
"Ball, Joseph H. (Joseph Hurst), 1905-1993",lcnaf,http://id.loc.gov/authorities/names/no96015105
"Ball, Robert P., 1926-",lcnaf,
"Ballantine, Arthur A. (Arthur Atwood), b. 1883.",lcnaf,
"Ballard, Clifford Bateman, 1887-1919.",lcnaf,
"Ballard, Florence, 1943-1976.",lcnaf,http://id.loc.gov/authorities/names/n2007055922
"Ballinger, Richard Achilles, 1858-1922.",lcnaf,http://id.loc.gov/authorities/names/n81138776
"Balls, A. K. (Arnold Kent), 1891-1966.",lcnaf,http://id.loc.gov/authorities/names/no2011170114
"Balogh, Tivadar.",lcnaf,
"Balzhiser, Richard E.",lcnaf,http://id.loc.gov/authorities/names/n99010449
"Bancroft, George, 1800-1891.",lcnaf,http://id.loc.gov/authorities/names/n50036519
"Bancroft, William L., b. 1825.",lcnaf,
"Bandemer, Paul A.",lcnaf,
"Bandholtz, Harry Hill, 1864-1925.",lcnaf,http://id.loc.gov/authorities/names/n2001023829
"Banfield, William C., 1961-",lcnaf,http://id.loc.gov/authorities/names/no96003563
"Bank, Ted.",lcnaf,http://id.loc.gov/authorities/names/n87932009
"Banks, A. A. (Allan A.)",lcnaf,
"Banning, Kendall, 1879-1944.",lcnaf,http://id.loc.gov/authorities/names/n87845228
"Bannon, Kenneth F.",lcnaf,
"Bantock, Granville, Sir, 1868-1946.",lcnaf,http://id.loc.gov/authorities/names/n81140125
"Banér, Johan G. R. (Johan Gustav Runeskeold), 1861-1938.",lcnaf,
"Banér, Skulda V. (Skulda Vanadis)",lcnaf,
"Baraga, Frederic, 1797-1868.",lcnaf,http://id.loc.gov/authorities/names/n82158356
"Barbeau, Peter.",lcnaf,
"Barbour, Edwin Scott.",lcnaf,
"Barbour, Levi L. (Levi Lewis), 1840-1925.",lcnaf,http://id.loc.gov/authorities/names/n85809443
"Barbour, Thomas, 1884-1946.",lcnaf,http://id.loc.gov/authorities/names/n87825967
"Bardwell, Jex.",lcnaf,
"Bareng, T.",lcnaf,
"Barkdull, Howard L., 1887-",lcnaf,
"Barker, Ernest F. (Ernest Franklin), 1886-1970",lcnaf,http://id.loc.gov/authorities/names/no2008190075
"Barkley, Alben William, 1877-1956.",lcnaf,http://id.loc.gov/authorities/names/n79056767
"Barnard, Christiaan, 1922-2001",lcnaf,http://id.loc.gov/authorities/names/n79090011
"Barnard, Harry, 1906-1982",lcnaf,http://id.loc.gov/authorities/names/n86026218
"Barnard, Ruth M.",lcnaf,
"Barnes, Al, 1904-",lcnaf,
"Barnes, Douglas.",lcnaf,
"Barnes, Edward Larrabee, 1915-2004",lcnaf,http://id.loc.gov/authorities/names/n82005408
"Barnes, Harry Elmer, 1889-1968.",lcnaf,http://id.loc.gov/authorities/names/n79100184
"Barnes, J. Milton, 1894-",lcnaf,
"Barnes, Joseph.",lcnaf,
"Barnes, M. H.",lcnaf,http://id.loc.gov/authorities/names/n82208655
"Barnes, O. M. (Orlando Mack), 1825-1899.",lcnaf,http://id.loc.gov/authorities/names/n85828317
"Barnes, Russell Curtis, 1897-",lcnaf,
"Barnes, Russell.",lcnaf,http://id.loc.gov/authorities/names/n98043169
"Barnes, Walter, 1880-",lcnaf,http://id.loc.gov/authorities/names/n92098949
"Barnet, Richard J.",lcnaf,http://id.loc.gov/authorities/names/n79145594
"Barnett, Douglas.",lcnaf,
"Barnett, Leroy, collector.",lcnaf,
"Barney, Jane Lockwood.",lcnaf,
"Barney, Roger Warren.",lcnaf,
"Barney, Roger.",lcnaf,
"Barnhizer, Daniel D.",lcnaf,http://id.loc.gov/authorities/names/no2008009563
"Barr, Merle.",lcnaf,
"Barrabee, Peter",lcnaf,
"Barrett, Albert M. (Albert Moore), 1871-1936.",lcnaf,http://id.loc.gov/authorities/names/no00081496
"Barrett, Albert Moore, 1871-1936.",lcnaf,http://id.loc.gov/authorities/names/no00081496
"Barrett, Frank Aloysius, 1892-1962.",lcnaf,http://id.loc.gov/authorities/names/n97087918
"Barrett, Nell.",lcnaf,
"Barritt, Loren S. and Marjorie Rabe Barritt.",lcnaf,
"Barritt, Loren.",lcnaf,http://id.loc.gov/authorities/names/n85136669
"Barron, Clarence Walker, 1855-1928.",lcnaf,http://id.loc.gov/authorities/names/no2001090592
"Barron, Sarah.",lcnaf,
"Barrows, Alice P.",lcnaf,
"Barrows, David P., 1873-1954",lcnaf,http://id.loc.gov/authorities/names/no2012010411
"Barrows, John Henry, 1847-1902.",lcnaf,http://id.loc.gov/authorities/names/n86830749
"Barry, John Stewart, 1802-1870.",lcnaf,
"Barrymore, Ethel, 1879-1959.",lcnaf,http://id.loc.gov/authorities/names/n85151791
"Bartee, John, 1904-",lcnaf,
"Bartelme, Philip George, 1876-1954.",lcnaf,
"Bartels, Levi.",lcnaf,
"Bartels, R. C. F. (Robert Christian Frank)",lcnaf,http://id.loc.gov/authorities/names/nr92019342
"Bartlett, Hamilton H.",lcnaf,
"Bartlett, Harley Harris, 1886-1960.",lcnaf,http://id.loc.gov/authorities/names/n85802228
"Bartlett, Ilo H.",lcnaf,
"Bartlett, Josephine K.",lcnaf,
"Bartlett, Lynn M. (Lynn Mahlon), 1904-1970.",lcnaf,http://id.loc.gov/authorities/names/no2008189085
"Bartlett, Robert H.",lcnaf,
"Bartlett, W. H. (William Henry), 1809-1854.",lcnaf,http://id.loc.gov/authorities/names/n81050110
"Barton, Bruce, 1886-1967.",lcnaf,http://id.loc.gov/authorities/names/n86114512
"Barton, Charles Morris.",lcnaf,
"Baruch, Bernard M. (Bernard Mannes), 1870-1965.",lcnaf,http://id.loc.gov/authorities/names/n50023552
"Barwin, Thomas W.",lcnaf,http://id.loc.gov/authorities/names/n94048331
"Barzun, Jacques, 1907-2012",lcnaf,http://id.loc.gov/authorities/names/n79135237
"Basch, Laura E., 1911-",lcnaf,
"Bashert, Beth.",lcnaf,
"Bashert, Lisa Marshall.",lcnaf,
"Bashford, James Whitford, 1849-1919.",lcnaf,http://id.loc.gov/authorities/names/nr2001011133
"Bass, Louis.",lcnaf,
"Bassett, Anita Denniston.",lcnaf,http://id.loc.gov/authorities/names/n87152785
"Bassett, David R., 1928-",lcnaf,http://id.loc.gov/authorities/names/n86083718
"Bassett, John Spencer, 1867-1928.",lcnaf,http://id.loc.gov/authorities/names/n50018425
"Bassett, Leslie, 1905-",lcnaf,
"Bassett, Leslie, 1923-",lcnaf,http://id.loc.gov/authorities/names/n81062079
"Batchelor, George, 1836-1923.",lcnaf,http://id.loc.gov/authorities/names/no2005001988
"Bates, Charles F. (Charles Franklin), d. 1922.",lcnaf,
"Bates, George C., 1813-1886.",lcnaf,
"Bates, George Joseph, 1891-1949.",lcnaf,
"Bates, Harriet.",lcnaf,
"Bates, Henry Moore, 1869-1949.",lcnaf,http://id.loc.gov/authorities/names/no2001090656
"Bates, LaMott G., b. 1847.",lcnaf,
"Bates, Marston, 1906-1974.",lcnaf,http://id.loc.gov/authorities/names/n50006342
"Battley, Joseph F., 1893-",lcnaf,
"Bauer, Elizabeth W.",lcnaf,
"Bauer, Emil Gottlob, d. 1894.",lcnaf,
"Baur, Emil Gottlob, d. 1894.",lcnaf,
"Baur, George.",lcnaf,
"Baxter, Benjamin Levi, 1815-1902.",lcnaf,
"Baxter, Dow Vawter, 1898-1965.",lcnaf,http://id.loc.gov/authorities/names/no2009055731
"Baxter, James Phinney, 1893-1975",lcnaf,http://id.loc.gov/authorities/names/n84803232
"Baxter, Kenneth Stewart, 1883-",lcnaf,
"Baxter, Percival Proctor, 1876-1969",lcnaf,http://id.loc.gov/authorities/names/n96060265
"Bayard, Thomas F. (Thomas Francis), 1828-1898.",lcnaf,http://id.loc.gov/authorities/names/n85363344
"Bayh, Birch, 1928-",lcnaf,http://id.loc.gov/authorities/names/n50005527
"Bayne-Jones, Stanhope, 1888-1970",lcnaf,http://id.loc.gov/authorities/names/n88089806
"Bazmore, Grace.",lcnaf,
"Bazmore, Ray.",lcnaf,
"Beach, William Edward",lcnaf,
"Beadle, Frank D., 1899-",lcnaf,
"Beakes, Samuel Willard, 1861-1927.",lcnaf,http://id.loc.gov/authorities/names/no2008182928
"Beal, Junius E. (Junius Emery), 1860-1942.",lcnaf,http://id.loc.gov/authorities/names/no2008186663
"Beal, Junius Emery, 1860-1942.",lcnaf,http://id.loc.gov/authorities/names/no2008186663
"Beal, Rice Aner, 1823-1883.",lcnaf,
"Beal, William James, 1833-1924.",lcnaf,http://id.loc.gov/authorities/names/no2005089998
"Beall, Hayes.",lcnaf,
"Bealle, Morris A. (Morris Allison), 1891-1972",lcnaf,http://id.loc.gov/authorities/names/n87856762
"Beaman, F. C. (Fernando C.), 1814-1882.",lcnaf,http://id.loc.gov/authorities/names/n90637392
"Bean, John William, 1901-1987.",lcnaf,
"Bear, Fred.",lcnaf,http://id.loc.gov/authorities/names/n79076721
"Beard, Charles Austin, 1874-1948.",lcnaf,http://id.loc.gov/authorities/names/n80126170
"Beard, Daniel Carter, 1850-1941.",lcnaf,http://id.loc.gov/authorities/names/n50081691
"Beardsley, Richard K.",lcnaf,
"Beardsley, Richard K. (Richard King), 1918---Village Japan.",lcnaf,
"Beardsley, Richard K. (Richard King), 1918-1978",lcnaf,http://id.loc.gov/authorities/names/nr93016275
"Beasly, William Arthur.",lcnaf,
"Beaty, John O. (John Owen), 1890-1961",lcnaf,http://id.loc.gov/authorities/names/n80117283
"Beauvais, Francis N.",lcnaf,
"Beauvais, Francis N., 1918-",lcnaf,
"Beauvoir, Simone de, 1908-1986.",lcnaf,http://id.loc.gov/authorities/names/n80005123
"Beck, Dave, 1894-1993",lcnaf,http://id.loc.gov/authorities/names/n88120823
"Beck, James M. (James Montgomery), 1861-1936.",lcnaf,http://id.loc.gov/authorities/names/n85813566
"Beck, Joseph, 1887-",lcnaf,
"Becker, Carl Lotus, 1873-1945.",lcnaf,http://id.loc.gov/authorities/names/n79121326
"Becker, Herman.",lcnaf,
"Becker, May Lamberton, 1873-1958.",lcnaf,http://id.loc.gov/authorities/names/n83328550
"Beckley, Robert M.",lcnaf,http://id.loc.gov/authorities/names/n86858088
"Beckley, Robert Mark, 1934-",lcnaf,
"Beckley, Zoe, d. 1961.",lcnaf,
"Beckman, Charles K.",lcnaf,
"Beebe, Lorraine B. (Lorraine Boekeloo)",lcnaf,
"Beecher, Charles Emerson, 1856-1904.",lcnaf,http://id.loc.gov/authorities/names/n79143074
"Beekman, Lynwood.",lcnaf,
"Beekman, Marvin E.",lcnaf,
"Beeson, Lewis.",lcnaf,
"Beeton, Alfred Merle, 1927-",lcnaf,http://id.loc.gov/authorities/names/n80164331
"Begg, Victor.",lcnaf,
"Begin, Menachem, 1913-1992",lcnaf,http://id.loc.gov/authorities/names/n79085130
"Begole, Joshua Williams, 1815-1896.",lcnaf,
"Begole, Josiah Williams, 1815-1896.",lcnaf,http://id.loc.gov/authorities/names/no2008116613
"Behee, John Richard.",lcnaf,
"Behn, Aphra, 1640-1689.",lcnaf,http://id.loc.gov/authorities/names/n50006616
"Behner, Frederick G., 1874-1968.",lcnaf,
"Behnke, Larry, 1948-",lcnaf,
"Behrens, Charles August, 1885-1950.",lcnaf,
"Belafonte, Harry, 1927-",lcnaf,http://id.loc.gov/authorities/names/n84028909
"Belcher, Louis D., 1939-",lcnaf,
"Belden, Charles Francis Dorr, 1870-1931.",lcnaf,http://id.loc.gov/authorities/names/no96013646
"Belding, Anson Wood.",lcnaf,
"Belfield, Henry Holmes, 1837-1912.",lcnaf,http://id.loc.gov/authorities/names/n2003010966
"Belknap, Charles Eugene, 1846-1929.",lcnaf,http://id.loc.gov/authorities/names/n88667420
"Belknap, Ralph Leroy, 1899-",lcnaf,
"Belknap, Ralph Leroy, 1899-1960",lcnaf,http://id.loc.gov/authorities/names/no2010128148
"Bell, Alexander Graham, 1847-1922.",lcnaf,http://id.loc.gov/authorities/names/n79113947
"Bell, Digby V., 1784-1871.",lcnaf,
"Bell, Jack L., 1904-",lcnaf,
"Bell, James Franklin, 1856-1919.",lcnaf,http://id.loc.gov/authorities/names/n98021891
"Bell, Laird, 1883-1965.",lcnaf,
"Bell, Leon.",lcnaf,
"Bell, Margaret, 1888-1969.",lcnaf,
"Bell, Rob.",lcnaf,
"Belser, Karl J. (Karl Jacob), 1902-1972.",lcnaf,
"Beman, Wooster Woodruff, 1850-1922.",lcnaf,http://id.loc.gov/authorities/names/n84805201
"Bemelmans, Ludwig, 1898-1962.",lcnaf,http://id.loc.gov/authorities/names/n50007160
"Bemis, Edward Webster, 1860-1930.",lcnaf,http://id.loc.gov/authorities/names/n50012168
"Bemis, Samuel Flagg, 1891-1973.",lcnaf,http://id.loc.gov/authorities/names/n80013006
"Ben-Gurion, David, 1886-1973.",lcnaf,http://id.loc.gov/authorities/names/n50007677
"BenDor, Jan.",lcnaf,
"Bender, George Harrison, 1896-1961.",lcnaf,http://id.loc.gov/authorities/names/no95055868
"Benedict, Julius, Sir, 1804-1885.",lcnaf,http://id.loc.gov/authorities/names/n81055096
"Benedict, Ruth, 1887-1948.",lcnaf,http://id.loc.gov/authorities/names/n50029994
"Benford, Harry.",lcnaf,http://id.loc.gov/authorities/names/n85073654
"Beni, Jack A.",lcnaf,
"Bennett, Flora.",lcnaf,
"Bennett, Harry Herbert, 1892-1979.",lcnaf,
"Bennett, James O'Donnell, 1870-1940.",lcnaf,http://id.loc.gov/authorities/names/n93017621
"Bennett, John B. (John Bonifas), 1905-1964.",lcnaf,http://id.loc.gov/authorities/names/no2008183537
"Bennett, John C. (John Coleman), 1902-1995",lcnaf,http://id.loc.gov/authorities/names/n50008007
"Bennett, Wallace F. (Wallace Foster), 1898-1993",lcnaf,http://id.loc.gov/authorities/names/n87870686
"Bennett, Wells Ira, 1888-",lcnaf,
"Bennett, William Sterndale, Sir, 1816-1875.",lcnaf,http://id.loc.gov/authorities/names/n79072702
"Benninghoff, W. S.",lcnaf,http://id.loc.gov/authorities/names/n88627143
"Bennish, Gloria.",lcnaf,
"Bennison, Charles E., 1917-",lcnaf,
"Benson, Ezra Taft.",lcnaf,http://id.loc.gov/authorities/names/n50008042
"Bentley, Alvin M. (Alvin Morell), 1918-1969.",lcnaf,http://id.loc.gov/authorities/names/no2008189557
"Benton, William, 1900-1973.",lcnaf,http://id.loc.gov/authorities/names/n50012170
"Benz, Fred E., d. 1963.",lcnaf,
"Benítez, Jaime, 1908-2001",lcnaf,http://id.loc.gov/authorities/names/n88682582
"Beozowski, John J.",lcnaf,
"Berger, Carl F.",lcnaf,http://id.loc.gov/authorities/names/n88618828
"Bergman, Walter, 1899-",lcnaf,
"Bergmann, Frithjof.",lcnaf,http://id.loc.gov/authorities/names/n90657442
"Berle, Adolf Augustus, 1895-1971.",lcnaf,http://id.loc.gov/authorities/names/n50057238
"Berlin, Lawrence S.",lcnaf,
"Bernard, L. L. (Luther Lee), 1881-1951.",lcnaf,http://id.loc.gov/authorities/names/n79091510
"Berndt, Raymond H.",lcnaf,
"Bernstein, I. A.",lcnaf,http://id.loc.gov/authorities/names/n87807224
"Bernstein, Leonard, 1918-1990",lcnaf,http://id.loc.gov/authorities/names/n50007704
"Bernstein, Leonard.",lcnaf,
"Bernstein, Richard B. (Richard Barry), 1923-1990",lcnaf,http://id.loc.gov/authorities/names/n82019590
"Berry, Michael, 1920-",lcnaf,http://id.loc.gov/authorities/names/n2007084178
"Berry, Nabih.",lcnaf,
"Bertch, Della Miles, 1861-",lcnaf,
"Berthelot, Helen W.",lcnaf,http://id.loc.gov/authorities/names/n90727790
"Bertolaet, Frederick W.",lcnaf,
"Beselson, Bernard R., 1912-",lcnaf,
"Beston, Henry, 1888-1968.",lcnaf,http://id.loc.gov/authorities/names/n78095527
"Bestor, Arthur Eugene, 1879-1944.",lcnaf,
"Bethune, Mary McLeod, 1875-1955.",lcnaf,http://id.loc.gov/authorities/names/n85022961
"Bethune, Norman.",lcnaf,http://id.loc.gov/authorities/names/n78095629
"Bettis, John T., b. 1839.",lcnaf,
"Betz, Esther.",lcnaf,
"Beukema, John C., 1888-1967.",lcnaf,
"Bevan, Elaine.",lcnaf,
"Beveridge, Albert Jeremiah, 1862-1927.",lcnaf,http://id.loc.gov/authorities/names/n50009527
"Bevier, Jonathan.",lcnaf,
"Bevis, Howard L. (Howard Landis), 1885-1968",lcnaf,http://id.loc.gov/authorities/names/no96001900
"Bezner, Frederick O.",lcnaf,
"Bible, Alan, 1909-1988",lcnaf,http://id.loc.gov/authorities/names/n87834035
"Bicknell, John W.",lcnaf,
"Bicknell, W. H. W. (William Harry Warren), 1860-1947",lcnaf,http://id.loc.gov/authorities/names/no97001892
"Biddle, Francis, 1886-1968.",lcnaf,http://id.loc.gov/authorities/names/n79054161
"Biddle, George.",lcnaf,
"Biddle, James, 1783-1848.",lcnaf,http://id.loc.gov/authorities/names/n82148047
"Biddle, John, 1792-1859.",lcnaf,
"Biddle, Nicholas, 1893-",lcnaf,http://id.loc.gov/authorities/names/n50011257
"Bidlack, Russell E. (Russell Eugene), 1920-",lcnaf,http://id.loc.gov/authorities/names/no91017295
"Biederman, Myrtle.",lcnaf,
"Bielenberg, Irma C. (Irma Christina), 1891-",lcnaf,
"Bielenberg, Irma, 1891-1981.",lcnaf,
"Bielskus, Tony.",lcnaf,
"Bigby, Paul.",lcnaf,
"Bigelow, John W., 1896-1918.",lcnaf,
"Bigelow, Martha Mitchell, 1921-",lcnaf,http://id.loc.gov/authorities/names/n91062733
"Bigelow, Melville Madison, 1846-1921.",lcnaf,http://id.loc.gov/authorities/names/n82093882
"Bigelow, Poultney, b.1855.",lcnaf,
"Bigelow, Samuel Lawrence, 1870-1947.",lcnaf,http://id.loc.gov/authorities/names/no2003111455
"Bigelow, William F. (William Frederick), 1879-1966.",lcnaf,http://id.loc.gov/authorities/names/n90644718
"Billeau, Ewald H., 1890-",lcnaf,
"Billetdeaux, Neal.",lcnaf,
"Billings, Alan G.",lcnaf,
"Billings, Hiram K.",lcnaf,
"Billington, Ray Allen, 1903-1981",lcnaf,http://id.loc.gov/authorities/names/n79138615
"Billotte, Pierre, 1906-",lcnaf,
"Billup, Edward Lee.",lcnaf,
"Binder, Charles.",lcnaf,
"Binet, Alfred, 1857-1911.",lcnaf,http://id.loc.gov/authorities/names/n50009385
"Bingay, Malcolm Wallace, 1884-",lcnaf,
"Bingay, Malcolm, 1884-1953.",lcnaf,
"Bingham, Abel, 1786-1865.",lcnaf,
"Bingham, Hannah, 1794-1868.",lcnaf,
"Bingham, James W., 1840-1862.",lcnaf,
"Bingham, Kinsley S. (Kinsley Scott), 1808-1861.",lcnaf,http://id.loc.gov/authorities/names/no95055147
"Bingham, Mary Warden.",lcnaf,
"Bingham, Walter Van Dyke, 1880-1952.",lcnaf,http://id.loc.gov/authorities/names/n50034007
"Bining, Arthur Cecil, 1893-1957.",lcnaf,http://id.loc.gov/authorities/names/n50009377
"Binkowski, Don, 1929-",lcnaf,http://id.loc.gov/authorities/names/no95022095
"Binkowski, Don, 1929-, collector.",lcnaf,
"Birch, Harriet A.",lcnaf,
"Bird, Chauncey.",lcnaf,
"Bird, James Pyper.",lcnaf,
"Bird, John Chambres, 1822-1887.",lcnaf,
"Bird, John E. (John Everett), 1862-1928.",lcnaf,http://id.loc.gov/authorities/names/no2009002467
"Bird, Judson S., d. 1882.",lcnaf,
"Bird, Reuben E. (Reuben Everett), 1811-1885.",lcnaf,
"Birge, E. A. (Edward Asahel), 1851-1950.",lcnaf,http://id.loc.gov/authorities/names/n85826843
"Birkerts, Gunnar.",lcnaf,
"Birkhead, Leon Milton, 1885-1954.",lcnaf,http://id.loc.gov/authorities/names/no2002010900
"Birney, Bridget McClear, 1820-1893.",lcnaf,
"Birney, Henry.",lcnaf,
"Birney, James Gillespie, 1792-1857.",lcnaf,http://id.loc.gov/authorities/names/n50011197
"Birney, James, 1821-1881.",lcnaf,
"Birrenbach, Kurt, 1907-",lcnaf,http://id.loc.gov/authorities/names/n84060474
"Bisbee, Leland S.",lcnaf,
"Bishop, Dorothy H. (Dorothy Hubbard), ca. 1910-",lcnaf,
"Bishop, Edwin Whitney, 1869-",lcnaf,
"Bishop, Levi, 1815-1881.",lcnaf,http://id.loc.gov/authorities/names/nr00009018
"Bishop, Merlin D., 1907-",lcnaf,http://id.loc.gov/authorities/names/n92061964
"Bishop, Ronald.",lcnaf,
"Bishop, Russell Spencer, 1886-1946.",lcnaf,
"Bishop, William W. (William Warner), 1906-1987",lcnaf,http://id.loc.gov/authorities/names/n88622566
"Bishop, William Warner, 1871-1955.",lcnaf,
"Bishop, William Warner, 1906-",lcnaf,
"Bizzell, William Bennett, 1876-1944.",lcnaf,http://id.loc.gov/authorities/names/no97031316
"Black, Eugene F., 1903-1990",lcnaf,http://id.loc.gov/authorities/names/no2009006457
"Black, Glenn A. (Glenn Albert), 1900-1964.",lcnaf,http://id.loc.gov/authorities/names/n87884290
"Black, Hugo LaFayette, 1886-1971.",lcnaf,http://id.loc.gov/authorities/names/n79056509
"Black, Thomas E.",lcnaf,
"Blacker, Robert R., b. 1845.",lcnaf,
"Blackmur, R.P. (Richard P.), 1904-1965.",lcnaf,http://id.loc.gov/authorities/names/n80013420
"Blackney, William Wallace, 1876-1963.",lcnaf,http://id.loc.gov/authorities/names/no2008190180
"Blackwelder, Justin.",lcnaf,http://id.loc.gov/authorities/names/n92118419
"Blackwell, Alice Stone, 1857-1950.",lcnaf,http://id.loc.gov/authorities/names/n50008487
"Blackwell, Walter.",lcnaf,
"Blain, D. Bethune, 1879-1963.",lcnaf,
"Blaine, James Gillespie, 1830-1893.",lcnaf,http://id.loc.gov/authorities/names/n82011612
"Blair, Austin, 1818-1894.",lcnaf,http://id.loc.gov/authorities/names/no97005930
"Blair, Charles A. (Charles Austin), 1854-1912.",lcnaf,http://id.loc.gov/authorities/names/n90620372
"Blair, Effie.",lcnaf,
"Blair, Geraldine.",lcnaf,
"Blair, Sarah Ford.",lcnaf,
"Blair, William McCormick, 1884-1982",lcnaf,http://id.loc.gov/authorities/names/no2013060778
"Blake, Aldrich.",lcnaf,
"Blake, Edward Everett, 1875-1947.",lcnaf,
"Blakeman, Edward W. (Edward William), 1880-1963.",lcnaf,http://id.loc.gov/authorities/names/no97053258
"Blakeslee, George Hubbard, 1871-1954.",lcnaf,http://id.loc.gov/authorities/names/n50008537
"Blalock, Alfred, 1899-1964.",lcnaf,http://id.loc.gov/authorities/names/n85020962
"Blanchard, Florence A.",lcnaf,
"Blanchard, Frank Nelson, 1888-1937.",lcnaf,http://id.loc.gov/authorities/names/no2011037180
"Blanchard, Frieda Cobb.",lcnaf,
"Blanchard, Isaac G.",lcnaf,
"Blanchard, James J., 1942-",lcnaf,http://id.loc.gov/authorities/names/n85203480
"Blanchard, Janet.",lcnaf,
"Blanco, Victor Manuel.",lcnaf,
"Bland, Joseph Edward, 1866-",lcnaf,
"Blanshard, Brand, 1892-1987.",lcnaf,http://id.loc.gov/authorities/names/n79099022
"Blanshard, Mary Hillyer, d. 1965.",lcnaf,
"Blanshard, Paul, 1892-",lcnaf,
"Blanshard, Paul, 1892-1980",lcnaf,http://id.loc.gov/authorities/names/n50082557
"Blanton, Richard E.",lcnaf,http://id.loc.gov/authorities/names/n77005667
"Blatnik, John Anton, 1911-",lcnaf,
"Blazier, Craig.",lcnaf,
"Bledsoe Ford, Deborah Geraldine.",lcnaf,
"Bledsoe, Geraldine Neale.",lcnaf,
"Bliss, Aaron Thomas, 1837-1906.",lcnaf,http://id.loc.gov/authorities/names/no2008188971
"Bliss, Philemon, 1814-1889.",lcnaf,http://id.loc.gov/authorities/names/n88070946
"Bliss, Ray Charles, 1907-1981.",lcnaf,
"Bliss, Tasker Howard, 1853-1930.",lcnaf,http://id.loc.gov/authorities/names/n96006766
"Bliss, William.",lcnaf,
"Blitch, Iris, 1912-1993.",lcnaf,http://id.loc.gov/authorities/names/n86114021
"Bliven, Bruce, 1889-1977.",lcnaf,http://id.loc.gov/authorities/names/n50020505
"Block, Herbert, 1909-2001.",lcnaf,http://id.loc.gov/authorities/names/n50017560
"Blodgett, Delos A., 1825-1908.",lcnaf,
"Blodgett, John W., Jr.",lcnaf,
"Blodgett, John Wood, 1860-1951.",lcnaf,http://id.loc.gov/authorities/names/no2008188992
"Blois, John T.",lcnaf,
"Blood, W. J.",lcnaf,
"Blouin, Francis X.",lcnaf,http://id.loc.gov/authorities/names/n79138823
"Blow, Susan E. (Susan Elizabeth), 1843-1916.",lcnaf,http://id.loc.gov/authorities/names/n86095787
"Bluestone, Barry.",lcnaf,http://id.loc.gov/authorities/names/n80060727
"Bluestone, Irving.",lcnaf,http://id.loc.gov/authorities/names/n83122080
"Blum, Léon, 1872-1950.",lcnaf,
"Blum, Nancy, collector",lcnaf,
"Blume, William Wirt, 1893-",lcnaf,
"Boak, Arthur Edward Romilly, 1888-1962.",lcnaf,http://id.loc.gov/authorities/names/n50008601
"Boas, Franz, 1858-1942.",lcnaf,http://id.loc.gov/authorities/names/n80044863
"Bobbio, Joseph.",lcnaf,
"Bodenstein, Max, 1871-1942.",lcnaf,http://id.loc.gov/authorities/names/n82164411
"Bodley, J. H.",lcnaf,
"Boehm, Ernest R.",lcnaf,
"Boggs, Thomas Hale, 1914-",lcnaf,
"Bogle, Thomas Ashford, 1852-1921.",lcnaf,http://id.loc.gov/authorities/names/no2001051843
"Bohlen, Charles E. (Charles Eustis), 1904-1974",lcnaf,http://id.loc.gov/authorities/names/n85290011
"Bohn, Frank Probasco, 1866-1944.",lcnaf,
"Bohn, Theodore R.",lcnaf,
"Bohr, David F., 1915-",lcnaf,http://id.loc.gov/authorities/names/n80004975
"Bohr, David.",lcnaf,
"Bohr, Niels, 1885-1962.",lcnaf,
"Boise, James Robinson, 1815-1895.",lcnaf,http://id.loc.gov/authorities/names/n87105450
"Bolcom, William.",lcnaf,http://id.loc.gov/authorities/names/n81080002
"Boldyreff, W.",lcnaf,
"Bole, Giles G.",lcnaf,
"Bolger, Ray.",lcnaf,http://id.loc.gov/authorities/names/n82036007
"Bolling, Richard, 1916-1991",lcnaf,http://id.loc.gov/authorities/names/n81032275
"Bollinger, Lee C., 1946-",lcnaf,http://id.loc.gov/authorities/names/n80062320
"Bolt, Jay A.",lcnaf,http://id.loc.gov/authorities/names/nr92023085
"Bolt, Jay A. (1911- )",lcnaf,
"Bolton, Charles Knowles, 1867-1950.",lcnaf,http://id.loc.gov/authorities/names/n50042045
"Bolton, Chester Castle, 1882-1939.",lcnaf,http://id.loc.gov/authorities/names/n88212031
"Bolton, Frances Payne Bingham, 1885-1977.",lcnaf,http://id.loc.gov/authorities/names/n88212030
"Bolton, Herbert Eugene, 1870-1953.",lcnaf,http://id.loc.gov/authorities/names/n80010488
"Bond, Floyd Alden.",lcnaf,
"Bonisteel, Roscoe O. (Roscoe Osmond), b. 1888.",lcnaf,
"Bonk, Wallace John, 1923-",lcnaf,
"Bonnaud, A., Madame.",lcnaf,
"Bonnell, Jay H.",lcnaf,
"Bonner, Campbell, b. 1876.",lcnaf,http://id.loc.gov/authorities/names/no92004670
"Bonner, Ethel H.",lcnaf,
"Bonstelle, Laura Justine, 1872-1932.",lcnaf,
"Booth, Edmund Wood, 1866-1927.",lcnaf,
"Booth, Evangeline, 1865-1950.",lcnaf,http://id.loc.gov/authorities/names/n80066729
"Booth, George G. (George Gough), 1864-1949.",lcnaf,
"Booth, George G. (George Gough), b. 1864.",lcnaf,
"Booth, Henry Scripps, 1897-1988",lcnaf,http://id.loc.gov/authorities/names/no2010069133
"Borah, William Edgar, 1865-1940.",lcnaf,http://id.loc.gov/authorities/names/n50045732
"Borah, Woodrow Wilson, 1912-",lcnaf,http://id.loc.gov/authorities/names/n50044549
"Borchard, Edwin Montefiore, 1884-1951.",lcnaf,http://id.loc.gov/authorities/names/n50063490
"Bordin, Ruth Birgitta Anderson, 1917-",lcnaf,http://id.loc.gov/authorities/names/n80098143
"Boren, John.",lcnaf,
"Boring, Edwin Garrigues, 1886-1968.",lcnaf,http://id.loc.gov/authorities/names/n50048226
"Borman, Abraham.",lcnaf,
"Borman, Nancy.",lcnaf,
"Borman, Paul.",lcnaf,
"Born, Max, 1882-1970.",lcnaf,http://id.loc.gov/authorities/names/n50050350
"Borup, Charles William Wulff, 1806-1859.",lcnaf,
"Bose, Jagadis Chandra, 1858-1937.",lcnaf,http://id.loc.gov/authorities/names/n84806202
"Bose, Jagadis Chandra, Sir, 1858-1937.",lcnaf,http://id.loc.gov/authorities/names/n84806202
"Bose, Sudhindra, 1883-",lcnaf,
"Boston, Orlan W. (Orlan William), 1891-",lcnaf,
"Boston, Orlan W. (Orlan William), 1891-1991",lcnaf,http://id.loc.gov/authorities/names/n83825931
"Boston, William.",lcnaf,
"Boucke, Ewald A. (Ewald Augustus), 1871-",lcnaf,http://id.loc.gov/authorities/names/n91083179
"Boudeman, Dallas.",lcnaf,
"Boulding, Elise.",lcnaf,http://id.loc.gov/authorities/names/n79021676
"Boulding, Kenneth E. (Kenneth Ewart), 1910-1993",lcnaf,http://id.loc.gov/authorities/names/n81063208
"Boulding, Kenneth Ewart, 1910-",lcnaf,
"Bourjaily, Vance Nye.",lcnaf,
"Bourne, Henry Eldridge, 1862-1946.",lcnaf,http://id.loc.gov/authorities/names/no93034007
"Bourne, Jonathan, 1855-1940.",lcnaf,http://id.loc.gov/authorities/names/n88222894
"Bourquin, Alice, 1909-1995.",lcnaf,
"Bourquin, Jessie, 1909-1999.",lcnaf,
"Bouscaren, Anthony Trawick.",lcnaf,http://id.loc.gov/authorities/names/n50045300
"Boutroux, Etienne E. (Etienne Émile), 1845-1921.",lcnaf,
"Bowen, Ira Sprague, 1898-1973.",lcnaf,http://id.loc.gov/authorities/names/nr93028278
"Bowen, John Edmund.",lcnaf,
"Bowen, Lydia Graves.",lcnaf,
"Bowen, Ralph.",lcnaf,
"Bowers, Claude Gernade, 1879-1958.",lcnaf,http://id.loc.gov/authorities/names/n50042822
"Bowie, W. Copeland (William Copeland)",lcnaf,http://id.loc.gov/authorities/names/n79063659
"Bowie, Walter Russell, 1882-1969.",lcnaf,http://id.loc.gov/authorities/names/n82084158
"Bowker, R. R. (Richard Rogers), 1848-1933.",lcnaf,http://id.loc.gov/authorities/names/n88002720
"Bowler, Mary Summers.",lcnaf,
"Bowles, Charles, 1884-1957.",lcnaf,http://id.loc.gov/authorities/names/no2009002769
"Bowles, Chester, 1901-1986.",lcnaf,http://id.loc.gov/authorities/names/n50042855
"Bowles, George Edward, 1915-",lcnaf,
"Bowman, John T., 1921-",lcnaf,
"Boyarski, Dick.",lcnaf,
"Boyce, Earnest, 1892-1986.",lcnaf,
"Boyce, Gray Cowan, 1899-1981.",lcnaf,http://id.loc.gov/authorities/names/n81004162
"Boyd, Carrie Lucy, 1864-1949.",lcnaf,
"Boyd, Irving Payson, 1851-1923.",lcnaf,
"Boyd, Julian P. (Julian Parks), 1903-1980",lcnaf,http://id.loc.gov/authorities/names/n82048651
"Boyd, William Augustus, 1785-1854.",lcnaf,
"Boyd, William H. (William Hart), 1811-1898.",lcnaf,
"Boyer, Joseph, 1848-1930.",lcnaf,
"Boyle, William M.",lcnaf,
"Boyles, Emerson R., 1881-1960.",lcnaf,
"Boys, Richard C. (Richard Charles), 1912-1975",lcnaf,http://id.loc.gov/authorities/names/no2011150394
"Boys, Richard Charles, 1912-",lcnaf,
"Brablec, Carl, 1908-",lcnaf,
"Brace, C. Loring.",lcnaf,http://id.loc.gov/authorities/names/n78093392
"Bradbury, James Ware, 1802-1901.",lcnaf,http://id.loc.gov/authorities/names/n2004066280
"Bradbury, Norris Edwin, 1909-",lcnaf,
"Bradby, Robert L.",lcnaf,http://id.loc.gov/authorities/names/no2010039247
"Braddock, Jim.",lcnaf,
"Braden, Marguerite Martindale.",lcnaf,
"Bradfield, Elizabeth Palmer.",lcnaf,
"Bradford, Gamaliel, 1863-1932.",lcnaf,http://id.loc.gov/authorities/names/n50042916
"Bradley, Frederick Van Ness, 1898-1947.",lcnaf,
"Bradley, James Bray, b. 1858.",lcnaf,
"Bradley, Martin R.,1888-",lcnaf,
"Bradley, Omar Nelson, 1893-1981.",lcnaf,http://id.loc.gov/authorities/names/n50042934
"Bradley, Richard.",lcnaf,
"Bradley, Ronald.",lcnaf,
"Bradner, C. C.",lcnaf,
"Bradshaw, John William, 1878-",lcnaf,
"Brady, James.",lcnaf,
"Brady, Mathew B., 1823 (ca.)-1896.",lcnaf,
"Bragdon, Claude Fayette, 1866-1946.",lcnaf,http://id.loc.gov/authorities/names/n50042999
"Bragg, Lawrence Sir, 1890-1971.",lcnaf,http://id.loc.gov/authorities/names/n79109781
"Bragg, William Henry, Sir, 1862-1942.",lcnaf,http://id.loc.gov/authorities/names/n79104208
"Brake, D. Hale, 1891-1979",lcnaf,http://id.loc.gov/authorities/names/no2009000162
"Brake, Eunice M. (Eunice Minetta), 1906-",lcnaf,http://id.loc.gov/authorities/names/n93046031
"Brameld, Theodore, 1904-1987",lcnaf,http://id.loc.gov/authorities/names/n50043199
"Brams, Stanley W., 1910-",lcnaf,
"Branch, Anna Hempstead, 1875-1937.",lcnaf,http://id.loc.gov/authorities/names/no97029083
"Branch, E. L.",lcnaf,
"Branch, Margaret.",lcnaf,
"Brand, George E., 1888-1963.",lcnaf,
"Brandeis, Louis Dembitz, 1856-1941.",lcnaf,http://id.loc.gov/authorities/names/n79018108
"Brandon, Arthur Leon.",lcnaf,
"Brandt, Richard B.",lcnaf,http://id.loc.gov/authorities/names/n50043215
"Brandt, Willy, 1913-1992",lcnaf,http://id.loc.gov/authorities/names/n80138336
"Brasch, Frederick E. (Frederick Edward), 1875-1967.",lcnaf,http://id.loc.gov/authorities/names/n84805354
"Brashares, Charles W., 1891-1982.",lcnaf,
"Brasie, Geraldine.",lcnaf,
"Brater, Elizabeth S.",lcnaf,
"Brauckmann, Karl.",lcnaf,
"Braxton, Anthony.",lcnaf,
"Bray, Everett Lewis, 1864-",lcnaf,
"Brazer, Harvey E., 1922-1991",lcnaf,http://id.loc.gov/authorities/names/n50042428
"Brazer, Harvey Elliot, 1922-",lcnaf,
"Brazer, Marjorie Cahn.",lcnaf,http://id.loc.gov/authorities/names/n82041090
"Breakey, James Ritchison, 1900-1969.",lcnaf,
"Breakey, William Fleming, 1835-1915.",lcnaf,
"Breasted, James Henry, 1865-1935.",lcnaf,http://id.loc.gov/authorities/names/n80049761
"Breck, Samuel L., 1928-",lcnaf,
"Brecken, Clarence E., 1893-1983.",lcnaf,
"Brecken, Jennie Bentley, 1892-1988.",lcnaf,
"Breckinbridge, John Bayne, 1913-",lcnaf,
"Breckinridge, Sophonisba Preston, 1866-1948.",lcnaf,http://id.loc.gov/authorities/names/n50042437
"Bredernitz, Albert.",lcnaf,
"Bredig, Georg, b. 1868.",lcnaf,
"Bredvold, Louis I. (Louis Ignatius), b. 1888.",lcnaf,http://id.loc.gov/authorities/names/nr90003968
"Brennan, John V., 1872-1971.",lcnaf,
"Brennan, Thomas E.",lcnaf,
"Brennan, William J. (William Joseph), 1906-1997.",lcnaf,http://id.loc.gov/authorities/names/n87910355
"Brenneman, Hugh W.",lcnaf,
"Brent, Charles Henry, 1862-1929.",lcnaf,http://id.loc.gov/authorities/names/n96029853
"Brentano, Theodore.",lcnaf,
"Bretschneider, Kathryn.",lcnaf,
"Brett, Dorothy, 1883-1977.",lcnaf,http://id.loc.gov/authorities/names/n85083850
"Brewer, Chauncy M. (Chauncy Marble), 1814-1889.",lcnaf,
"Brewer, Clarence E., 1892-1964.",lcnaf,
"Brewer, Dwight J.",lcnaf,
"Brewer, Helen.",lcnaf,
"Brewster, James Henry, 1856-1920.",lcnaf,http://id.loc.gov/authorities/names/no98077590
"Brewster, Owen, 1884-",lcnaf,
"Brewster, Ralph O.",lcnaf,
"Breylinger, Barbe Ballard, collector.",lcnaf,
"Bricker, John W. (John William), 1893-1986.",lcnaf,http://id.loc.gov/authorities/names/n85185550
"Brickley, James E., 1927-",lcnaf,http://id.loc.gov/authorities/names/n82235728
"Bridenbaugh, Carl.",lcnaf,http://id.loc.gov/authorities/names/n50040863
"Bridge, Samuel J.",lcnaf,
"Bridges, Robert Seymour, 1844-1930.",lcnaf,http://id.loc.gov/authorities/names/n79066114
"Bridges, Styles, 1898-1961.",lcnaf,http://id.loc.gov/authorities/names/n86034222
"Bridgman, Howard Allen, 1860-1929.",lcnaf,
"Bridgman, P. W. (Percy Williams), 1882-1961.",lcnaf,http://id.loc.gov/authorities/names/n79132028
"Briggs, Le Baron Russell, 1855-1934.",lcnaf,http://id.loc.gov/authorities/names/no91011862
"Briggs, Robert D.",lcnaf,
"Briggs, Robert P., 1903-",lcnaf,
"Briggs, Robert Peter, 1903-",lcnaf,
"Briggs, Walter Owen, 1877-1952.",lcnaf,
"Brigham, Charles H. (Charles Henry), 1820-1879.",lcnaf,http://id.loc.gov/authorities/names/no99074841
"Brigham, Charles Henry, 1820-1879.",lcnaf,http://id.loc.gov/authorities/names/no99074841
"Brigham, Edward Morris.",lcnaf,
"Brigham, George Bickford, 1889-",lcnaf,
"Brightman, Edgar Sheffield, 1884-1953.",lcnaf,http://id.loc.gov/authorities/names/n79043596
"Brinkerhoff, James F.",lcnaf,
"Bristol, Mark L. (Mark Lambert), 1868-1939.",lcnaf,http://id.loc.gov/authorities/names/n92010079
"Bristow, Gwen, 1903-",lcnaf,
"Brittain, Vera, 1893-1970.",lcnaf,http://id.loc.gov/authorities/names/n81018727
"Britton, Allen Perdue.",lcnaf,http://id.loc.gov/authorities/names/n88003303
"Britton, Frank.",lcnaf,
"Britton, Frederic H.",lcnaf,
"Broaddus, B. F.",lcnaf,
"Brode, Robert B. (Robert Bigham), 1900-1986",lcnaf,http://id.loc.gov/authorities/names/n96033501
"Brode, Wallace R. (Wallace Reed), 1900-1974",lcnaf,http://id.loc.gov/authorities/names/n86862037
"Brodhead, Thornton F., d. 1862.",lcnaf,
"Brodsky, Joseph, 1940-1996.",lcnaf,http://id.loc.gov/authorities/names/n80022834
"Broek, Christina S.",lcnaf,
"Broek, Dirk.",lcnaf,
"Brogan, D. W. (Denis William), 1900-1974.",lcnaf,http://id.loc.gov/authorities/names/n79135274
"Bromage, Arthur W. (Arthur Watson), 1904-1979.",lcnaf,http://id.loc.gov/authorities/names/nr2003027797
"Bromage, Mary Cogan.",lcnaf,http://id.loc.gov/authorities/names/n79138618
"Bronson, Titus, 1788-1853.",lcnaf,http://id.loc.gov/authorities/names/no2012115817
"Bronte, Lydia, 1938-2003",lcnaf,http://id.loc.gov/authorities/names/n80040454
"Brook, Jacob D. (Jacob Daniel), 1876-1956.",lcnaf,
"Brooke, Edward W. (Edward William), 1919-2015",lcnaf,http://id.loc.gov/authorities/names/n80070493
"Brookhart, Smith Wildman, 1869-1944.",lcnaf,http://id.loc.gov/authorities/names/n95032448
"Brookings, W. W.",lcnaf,
"Brooks, Datus C.",lcnaf,
"Brooks, Earnest C.",lcnaf,
"Brooks, John W.",lcnaf,
"Brooks, Paul.",lcnaf,
"Brooks, Phillips, 1835-1893.",lcnaf,http://id.loc.gov/authorities/names/n86114039
"Brooks, Stratton D. (Stratton Duluth), 1869-1949.",lcnaf,http://id.loc.gov/authorities/names/no2003068129
"Brooks, Van Wyck, 1886-1963.",lcnaf,http://id.loc.gov/authorities/names/n79021976
"Broun, Heywood, 1888-1939.",lcnaf,http://id.loc.gov/authorities/names/n50042790
"Browder, Earl, 1891-1973.",lcnaf,http://id.loc.gov/authorities/names/n82162115
"Browder, Olin L.",lcnaf,http://id.loc.gov/authorities/names/n79103605
"Brower, David, 1912-2000",lcnaf,http://id.loc.gov/authorities/names/n50042797
"Brower, W. W. (Willis W.)",lcnaf,
"Brown, A. Josephine.",lcnaf,
"Brown, Al, 1947-",lcnaf,http://id.loc.gov/authorities/names/no2012023195
"Brown, Arthur, 1864-1932.",lcnaf,
"Brown, Barnum.",lcnaf,
"Brown, Catherine.",lcnaf,
"Brown, Clarence J., 1893-1965.",lcnaf,http://id.loc.gov/authorities/names/n83017196
"Brown, Cora Pulcipher.",lcnaf,
"Brown, Curtis.",lcnaf,
"Brown, Donald R., 1925-",lcnaf,http://id.loc.gov/authorities/names/n86108821
"Brown, Douglas S., 1914-1956.",lcnaf,
"Brown, Dugald E. S., 1901-",lcnaf,
"Brown, Edmund G. (Edmund Gerald), 1905-1996.",lcnaf,http://id.loc.gov/authorities/names/n82079368
"Brown, Elizabeth Gaspar",lcnaf,
"Brown, Elizabeth Gaspar, 1913-",lcnaf,http://id.loc.gov/authorities/names/n99833559
"Brown, Elmer Ellsworth, 1861-1934.",lcnaf,http://id.loc.gov/authorities/names/nr98035040
"Brown, Everett Somerville, 1886-1964.",lcnaf,http://id.loc.gov/authorities/names/no00029125
"Brown, Francis, 1903-1995",lcnaf,http://id.loc.gov/authorities/names/n50039648
"Brown, Frank R.",lcnaf,
"Brown, Garry Eldridge, 1923-1998",lcnaf,http://id.loc.gov/authorities/names/no2008133334
"Brown, George Granger, 1896-",lcnaf,http://id.loc.gov/authorities/names/no2003105939
"Brown, Glenora W.",lcnaf,
"Brown, Gordon C. (Gordon Campbell), 1912-1975.",lcnaf,
"Brown, Harry J.",lcnaf,
"Brown, Henry B., 1847-1917.",lcnaf,
"Brown, Henry Billings, 1836-1913.",lcnaf,http://id.loc.gov/authorities/names/n88070938
"Brown, Henry D., 1910-",lcnaf,
"Brown, Henry D., 1910-1970",lcnaf,http://id.loc.gov/authorities/names/n85294449
"Brown, James A.",lcnaf,
"Brown, James A., ca. 1888-1951.",lcnaf,
"Brown, James J.",lcnaf,
"Brown, Joe E. (Joe Evan), 1892-1973",lcnaf,http://id.loc.gov/authorities/names/n85005571
"Brown, John Seely.",lcnaf,http://id.loc.gov/authorities/names/no90000557
"Brown, Joseph W., 1793-1880.",lcnaf,
"Brown, Julia Clarice.",lcnaf,
"Brown, Mabel Delia.",lcnaf,
"Brown, Mabel.",lcnaf,
"Brown, Muriel Buck Humphrey.",lcnaf,http://id.loc.gov/authorities/names/n83312367
"Brown, Philip Marshall, 1875-1966",lcnaf,http://id.loc.gov/authorities/names/n86013648
"Brown, Prentiss M. (Prentiss Marsh), 1889-1973.",lcnaf,http://id.loc.gov/authorities/names/no2007125178
"Brown, Prentiss Marsh, 1888-1973.",lcnaf,
"Brown, Prentiss Marsh, 1889-1973.",lcnaf,http://id.loc.gov/authorities/names/no2007125178
"Brown, Reese P.",lcnaf,
"Brown, Robert J., 1904-1985.",lcnaf,
"Brown, Sanford Abbott, 1909-",lcnaf,
"Brown, Solomon, 1757-1815.",lcnaf,
"Brown, W. C. (William Carlos), 1853-1924.",lcnaf,
"Brown, Walter Folger, 1869-1961.",lcnaf,http://id.loc.gov/authorities/names/n2007163348
"Brown, William Ellis, 1896-1970.",lcnaf,
"Brown, William Henry, b. 1812.",lcnaf,
"Brown, William S., 1821-1891.",lcnaf,
"Brown, Winifred Croel, 1886-1976.",lcnaf,
"Browne, Anita.",lcnaf,http://id.loc.gov/authorities/names/n79054974
"Browne, Harry, 1933-2006.",lcnaf,http://id.loc.gov/authorities/names/n50042829
"Browne, Sarah Mills Gayley.",lcnaf,
"Brownell, Esther Delzell, 1902-1991.",lcnaf,
"Brownell, Herbert, 1904-1996",lcnaf,http://id.loc.gov/authorities/names/n80098845
"Brownell, Lloyd E. (Lloyd Earl), 1915-1976",lcnaf,http://id.loc.gov/authorities/names/n85802235
"Brownell, Lloyd E., 1915-1976.",lcnaf,
"Brownell, Samuel Miller, 1900-",lcnaf,
"Brownell, Samuel Miller, 1900-1990",lcnaf,http://id.loc.gov/authorities/names/n2004116910
"Brownlow, Louis, b. 1879.",lcnaf,
"Brownmiller, Susan.",lcnaf,http://id.loc.gov/authorities/names/n83151582
"Brownrigg, William, 1893-1969.",lcnaf,
"Brownson, William T.",lcnaf,
"Brubaker, C. B.",lcnaf,
"Bruce, David Kirkpatrick Este.",lcnaf,
"Bruce, David, 1855-1931.",lcnaf,http://id.loc.gov/authorities/names/nb99035143
"Bruce, E. D.",lcnaf,
"Bruce, James D. (James Deacon), 1872-1946.",lcnaf,
"Bruch, Max, 1838-1920.",lcnaf,http://id.loc.gov/authorities/names/n81125409
"Brucker, Clara H.",lcnaf,
"Brucker, Ferdinand, 1858-1904.",lcnaf,
"Brucker, Robert Hawn, 1888-1967.",lcnaf,
"Brucker, Roberta Hawn, 1859-1939.",lcnaf,
"Brucker, Wallace H.",lcnaf,
"Brucker, Wilber Marion, 1894-1968.",lcnaf,http://id.loc.gov/authorities/names/n94105471
"Brucker, William Marion, 1894-1968.",lcnaf,
"Bruff, John B. (John Bowman), 1929-",lcnaf,
"Brumm, John Lewis, 1878-1958.",lcnaf,
"Brundage, Ray O., 1881-",lcnaf,
"Bruneau, Alfred, 1857-1934.",lcnaf,http://id.loc.gov/authorities/names/n83033350
"Brush, Katharine, 1902-1952.",lcnaf,http://id.loc.gov/authorities/names/no93001232
"Bryan, William Jennings, 1860-1925.",lcnaf,
"Bryan, William Lowe, 1860-1955.",lcnaf,http://id.loc.gov/authorities/names/n91086055
"Bryant, Bunyan I.",lcnaf,http://id.loc.gov/authorities/names/n81084932
"Bryant, Everett.",lcnaf,
"Bryant, John Howard, 1807-1902.",lcnaf,http://id.loc.gov/authorities/names/no00025729
"Bryce, James Bryce, Viscount, 1838-1922.",lcnaf,http://id.loc.gov/authorities/names/n50041122
"Brée, Germaine.",lcnaf,
"Brödel, Max, 1870-1941.",lcnaf,
"Bröunnow, F. (Franz), 1821-1891.",lcnaf,
"Brüll, Ignaz, 1846-1907.",lcnaf,
"Brünnow, F. (Franz), 1821-1891.",lcnaf,
"Bstan-'dzin-rgya-mtsho, Dalai Lama XIV, 1935-",lcnaf,
"Buchanan, Frank Robert.",lcnaf,
"Buchanan, James, 1791-1868.",lcnaf,http://id.loc.gov/authorities/names/n78095586
"Buchanan, Ruth B., 1882-1953.",lcnaf,
"Buchele, Luther H., 1920-",lcnaf,http://id.loc.gov/authorities/names/no2009030897
"Buchele, Luther.",lcnaf,
"Buchwald, Art.",lcnaf,http://id.loc.gov/authorities/names/n79133727
"Buck, Andrew Newton, b. 1839.",lcnaf,
"Buck, Bea.",lcnaf,
"Buck, Carl Edward, 1891-1953.",lcnaf,
"Buck, Charles W.",lcnaf,
"Buck, Curtis, b. 1841.",lcnaf,
"Buck, Gertrude, 1871-1922.",lcnaf,http://id.loc.gov/authorities/names/n50040828
"Buck, Myron.",lcnaf,
"Buck, Norman.",lcnaf,
"Buck, Pearl S. (Pearl Sydenstricker), 1892-1973.",lcnaf,http://id.loc.gov/authorities/names/n79026662
"Buck, Solon Justus, 1884-1962.",lcnaf,http://id.loc.gov/authorities/names/n85004186
"Buck, Susan Field.",lcnaf,
"Buckbee, Henry Cheever.",lcnaf,
"Buckbee, Julian Edward.",lcnaf,
"Buckler, Aldred S., d. 1963.",lcnaf,
"Buckley, Edward, b. 1842.",lcnaf,
"Buckley, L. Paul.",lcnaf,
"Buckley, William F. (William Frank), Jr., 1925-2008.",lcnaf,http://id.loc.gov/authorities/names/n79065205
"Buckley, William F., Jr., 1925-2008",lcnaf,http://id.loc.gov/authorities/names/n79065205
"Buckner, Simon Bolivar, 1823-1914.",lcnaf,http://id.loc.gov/authorities/names/n84018369
"Budge, E. A. Wallis (Ernest Alfred Wallis), Sir, 1857-1934.",lcnaf,http://id.loc.gov/authorities/names/n80057205
"Buel, Alexander Woodruff, 1813-1868.",lcnaf,http://id.loc.gov/authorities/names/n84166659
"Buell, Barber G., 1823-1900.",lcnaf,
"Buell, J. Joseph.",lcnaf,
"Buell, Jennie.",lcnaf,
"Buell, Lincoln E., 1864-",lcnaf,
"Buell, Mahlon.",lcnaf,
"Bugher, John Clifford, 1901-",lcnaf,
"Bulkley, Harry C. (Harry Conant), b. 1870.",lcnaf,
"Bulkley, Jonathan W.",lcnaf,
"Bull, Frances E.",lcnaf,
"Bullard, Perry.",lcnaf,
"Bullock, Charles Jesse, 1869-1941.",lcnaf,http://id.loc.gov/authorities/names/n79061104
"Bully, Norman W., 1912-",lcnaf,
"Bumgardner, Eleanor M. (Eleanor Margaret)",lcnaf,
"Bump, Orrin.",lcnaf,
"Bumpus, Hermon Carey, 1862-1943.",lcnaf,http://id.loc.gov/authorities/names/no2010146674
"Bunche, Ralph J. (Ralph Johnson), 1904-1971.",lcnaf,http://id.loc.gov/authorities/names/n50045583
"Bundy, Edgar C.",lcnaf,http://id.loc.gov/authorities/names/n84040367
"Bundy, McGeorge.",lcnaf,http://id.loc.gov/authorities/names/n50040470
"Buning, Harm Leopold.",lcnaf,
"Bunker, Ellsworth, 1894-1984",lcnaf,http://id.loc.gov/authorities/names/n81143877
"Bunker, Robert Emmet, b. 1848.",lcnaf,
"Bunzel, Joseph Hans, 1907-",lcnaf,
"Burbank, Luther, 1849-1926.",lcnaf,http://id.loc.gov/authorities/names/n50045590
"Burchard, Samuel D., 1812-1891.",lcnaf,http://id.loc.gov/authorities/names/no98075520
"Burdett, Winston, 1913-1993",lcnaf,http://id.loc.gov/authorities/names/no93028409
"Burfiend, George.",lcnaf,
"Burgess, Thornton W. (Thornton Waldo), 1874-1965.",lcnaf,http://id.loc.gov/authorities/names/n79138563
"Burgoyne, John.",lcnaf,
"Burke, Albert E.",lcnaf,
"Burke, Arleigh A., 1901-1996",lcnaf,http://id.loc.gov/authorities/names/n88219621
"Burke, Charles Henry, 1861-1944.",lcnaf,
"Burke, Edward R. (Edward Raymond), 1880-1968",lcnaf,http://id.loc.gov/authorities/names/no2007034993
"Burke, Edward Raymond, 1890-",lcnaf,
"Burke, Emory.",lcnaf,http://id.loc.gov/authorities/names/no2015017019
"Burke, George James, 1885-1950.",lcnaf,
"Burke, Joseph Daniel.",lcnaf,
"Burke, Thomas A., 1898-1971.",lcnaf,http://id.loc.gov/authorities/names/n2001064491
"Burks, Arthur W. (Arthur Walter), 1915-",lcnaf,
"Burks, Arthur W. (Arthur Walter), 1915-2008.",lcnaf,http://id.loc.gov/authorities/names/n85289341
"Burleigh, Walter Atwood, 1820-1896.",lcnaf,http://id.loc.gov/authorities/names/n88609015
"Burlingame, Garnet J.",lcnaf,
"Burmeister, Marguerite.",lcnaf,
"Burnett, Arthur W.",lcnaf,
"Burnett, Patricia Hill, 1920-",lcnaf,http://id.loc.gov/authorities/names/n95075830
"Burnham, Daniel Hudson, 1846-1912.",lcnaf,http://id.loc.gov/authorities/names/n81090343
"Burnham, Donald Clemens, 1915-",lcnaf,
"Burnham, William Henry, 1855-1941.",lcnaf,http://id.loc.gov/authorities/names/no2004122092
"Burns, Carolyn Sinelli, 1915-",lcnaf,
"Burns, Eunice.",lcnaf,
"Burns, James MacGregor.",lcnaf,http://id.loc.gov/authorities/names/n50034518
"Burns, Kevin, 1881-1958.",lcnaf,http://id.loc.gov/authorities/names/no2009004754
"Burns, Leo A., 1894-1982.",lcnaf,
"Burr, George L. (George Lindsley), 1889-1971",lcnaf,http://id.loc.gov/authorities/names/no2009004778
"Burr, George Lincoln, 1857-1938.",lcnaf,http://id.loc.gov/authorities/names/n85225538
"Burritt, Balley Barton, 1878-1954.",lcnaf,
"Burroughs, Elizabeth.",lcnaf,
"Burroughs, Robert Eli, 1904-1978.",lcnaf,
"Burroughs, William S., 1914-1997",lcnaf,http://id.loc.gov/authorities/names/n79026862
"Burrows, Edgar G.",lcnaf,
"Burrows, Edwin G. (Edwin Grant), 1891-1958.",lcnaf,http://id.loc.gov/authorities/names/n83148797
"Burrows, Emmeline.",lcnaf,
"Burrows, George Lord, b. 1836.",lcnaf,
"Burrows, Julius C. (Julius Caesar), 1837-1915.",lcnaf,http://id.loc.gov/authorities/names/no95042265
"Burrows, Lorenzo, 1805-1885.",lcnaf,http://id.loc.gov/authorities/names/nr93052523
"Bursley, Gilbert E.",lcnaf,http://id.loc.gov/authorities/names/n94041915
"Bursley, Joseph Aldrich, 1877-1950.",lcnaf,http://id.loc.gov/authorities/names/no2008188993
"Burt, Alvin.",lcnaf,
"Burt, Flora, collector.",lcnaf,
"Burt, George.",lcnaf,
"Burt, Hiram Austin, b. 1839.",lcnaf,
"Burt, John.",lcnaf,
"Burt, Solon.",lcnaf,
"Burt, William Austin, 1792-1858.",lcnaf,http://id.loc.gov/authorities/names/n88199514
"Burton, C. M. (Clarence Monroe), b. 1853.",lcnaf,
"Burton, Carol W.",lcnaf,http://id.loc.gov/authorities/names/no2008016230
"Burton, Clarence Monroe, 1853-1932.",lcnaf,http://id.loc.gov/authorities/names/n89602139
"Burton, Ernest De Witt, 1856-1925.",lcnaf,http://id.loc.gov/authorities/names/n85087946
"Burton, Harold H. (Harold Hitz), 1888-1964.",lcnaf,http://id.loc.gov/authorities/names/n50034180
"Burton, Marion Le Roy, 1874-1925.",lcnaf,http://id.loc.gov/authorities/names/n88650119
"Burton, Nina M.",lcnaf,
"Burton, Richard, 1861-1940.",lcnaf,http://id.loc.gov/authorities/names/n50033772
"Bush, Barbara, 1925-",lcnaf,http://id.loc.gov/authorities/names/n83146999
"Bush, Benjamin F.",lcnaf,
"Bush, George W. (George Walker), 1946-",lcnaf,http://id.loc.gov/authorities/names/no95049848
"Bush, George, 1924-",lcnaf,http://id.loc.gov/authorities/names/n80015879
"Bush, Prescott Sheldon, 1895-1972",lcnaf,http://id.loc.gov/authorities/names/n2002047710
"Bush, Vannevar, 1890-1974.",lcnaf,http://id.loc.gov/authorities/names/n79131976
"Bushnell, George E. (George Edward), 1887-1965.",lcnaf,http://id.loc.gov/authorities/names/no2009002372
"Buss, Oscar F.",lcnaf,
"Butler, Amos W. (Amos William), 1860-1937.",lcnaf,http://id.loc.gov/authorities/names/n91006170
"Butler, Benjamin F. (Benjamin Franklin), 1818-1893.",lcnaf,http://id.loc.gov/authorities/names/n85363511
"Butler, Charles, 1802-1897.",lcnaf,http://id.loc.gov/authorities/names/n81009685
"Butler, Eleanor.",lcnaf,
"Butler, Hal.",lcnaf,http://id.loc.gov/authorities/names/n50032577
"Butler, Hugh Alfred, 1878-1954.",lcnaf,http://id.loc.gov/authorities/names/n91092162
"Butler, Irene Linda Lather, 1901-1991.",lcnaf,
"Butler, Irene Linda Lather.",lcnaf,http://id.loc.gov/authorities/names/n88119541
"Butler, Leslie A.",lcnaf,
"Butler, Nicholas Murray, 1862-1947.",lcnaf,http://id.loc.gov/authorities/names/n50032600
"Butler, Orma Fitch.",lcnaf,
"Butler, Paul M. (Paul Mulholland), 1905-1961.",lcnaf,http://id.loc.gov/authorities/names/n86053155
"Butler, Pierce.",lcnaf,
"Butler, Richard Austen, Baron Butler of Saffron Walden, 1902-1982",lcnaf,http://id.loc.gov/authorities/names/n50080994
"Butler, William Morgan, 1861-1937.",lcnaf,http://id.loc.gov/authorities/names/n99048224
"Butler, William.",lcnaf,
"Butterfield, George Ernest, 1883-",lcnaf,
"Butterfield, Ira William, 1915-",lcnaf,http://id.loc.gov/authorities/names/n87907120
"Butterfield, Kenyon L. (Kenyon Leech), 1868-1935.",lcnaf,http://id.loc.gov/authorities/names/no92015180
"Butterfield, Roger Williams, b. 1844.",lcnaf,
"Butterfield, W. V.",lcnaf,
"Butts, Thomas A.",lcnaf,http://id.loc.gov/authorities/names/n84051573
"Butts, William Henry.",lcnaf,
"Butz, Tim.",lcnaf,http://id.loc.gov/authorities/names/nb2012009708
"Butzel, Henry M. (Henry Magnus), 1871-1963",lcnaf,http://id.loc.gov/authorities/names/no2009002386
"Byington, S. John, 1937-",lcnaf,http://id.loc.gov/authorities/names/no2005015646
"Byrd, David R.",lcnaf,
"Byrd, Harry Flood, 1887-1966.",lcnaf,http://id.loc.gov/authorities/names/n82097486
"Byrd, Letitia J.",lcnaf,
"Byrd, Letitia.",lcnaf,
"Byrd, Richard Evelyn, 1888-1957.",lcnaf,http://id.loc.gov/authorities/names/n79060195
"Byrnes, James F. (James Francis), 1882-1972.",lcnaf,http://id.loc.gov/authorities/names/n80167019
"Byrnes, James Francis, 1879-1972.",lcnaf,
"Cable, George Washington, 1844-1925.",lcnaf,http://id.loc.gov/authorities/names/n79076138
"Cabot, Hugh, 1872-1945.",lcnaf,http://id.loc.gov/authorities/names/n86111262
"Cabot, William Brooks, 1858-1949.",lcnaf,http://id.loc.gov/authorities/names/no2011142031
"Cacioppo, George.",lcnaf,http://id.loc.gov/authorities/names/n83051545
"Cadillac, Antoine Laumet de Lamothe, 1658-1730.",lcnaf,http://id.loc.gov/authorities/names/n94052687
"Cadman, S. Parkes (Samuel Parkes), 1864-1936.",lcnaf,http://id.loc.gov/authorities/names/no92026032
"Cady, Alvah P.",lcnaf,
"Cady, Burt D., 1874-",lcnaf,
"Cady, Claude Ernest, 1878-1953.",lcnaf,
"Cady, George H., 1906-",lcnaf,
"Cagas, Antonio.",lcnaf,
"Cagas, Filomena.",lcnaf,
"Cage, John.",lcnaf,
"Cagney, James, 1899-1986.",lcnaf,http://id.loc.gov/authorities/names/n79145293
"Cain, Elmer I.",lcnaf,
"Cain, Harry P. (Harry Pulliam), 1906-1979",lcnaf,http://id.loc.gov/authorities/names/n2004085161
"Cain, Louise G.",lcnaf,
"Cain, Stanley A. (Stanley Adair), 1902-1995",lcnaf,http://id.loc.gov/authorities/names/n50032847
"Caird, Edward, 1835-1908.",lcnaf,http://id.loc.gov/authorities/names/n50032854
"Cajori, Florian, 1859-1930.",lcnaf,http://id.loc.gov/authorities/names/n79133769
"Calder, Alexander Stirling, 1870-1945.",lcnaf,http://id.loc.gov/authorities/names/n85346878
"Calder, Alexander, 1898-1976.",lcnaf,http://id.loc.gov/authorities/names/n79112975
"Caldwell, Harmon White, 1899-1977",lcnaf,http://id.loc.gov/authorities/names/no2007133380
"Caldwell, John T. (John Tyler), 1911-1995",lcnaf,http://id.loc.gov/authorities/names/no2007040629
"Caldwell, William E.",lcnaf,
"Calhoun, John C. (John Caldwell), 1782-1850.",lcnaf,http://id.loc.gov/authorities/names/n79137102
"Caliver, Ambrose, 1894-1962.",lcnaf,http://id.loc.gov/authorities/names/n50032172
"Callahan, Mary, 1914-",lcnaf,
"Callahan, Patrick Henry, 1866-1940.",lcnaf,
"Callow, Laura Callow, 1927-",lcnaf,
"Callow, Laura Carter, 1927-",lcnaf,
"Calmette, Gaston, 1858-1914.",lcnaf,http://id.loc.gov/authorities/names/n82262767
"Cambridge, Godfrey, 1933-1976.",lcnaf,http://id.loc.gov/authorities/names/n90694917
"Cameron, George G. (George Glenn), 1905-1979",lcnaf,http://id.loc.gov/authorities/names/n50031538
"Cameron, George Glenn, 1905-",lcnaf,
"Cameron, Martha Cavanagh.",lcnaf,
"Cameron, Norman, 1896-",lcnaf,http://id.loc.gov/authorities/names/n84162287
"Cameron, William John, 1879-1955.",lcnaf,http://id.loc.gov/authorities/names/nr94035654
"Cammerer, Arno B. (Arno Berthold), b. 1883.",lcnaf,
"Campau, Daniel J., 1852-1897.",lcnaf,
"Campau, Daniel J., 1852-1927.",lcnaf,http://id.loc.gov/authorities/names/no2008189004
"Campau, Louis, 1791-1871.",lcnaf,http://id.loc.gov/authorities/names/n2007080670
"Campbell, Albert A.",lcnaf,
"Campbell, Angus, 1910-",lcnaf,
"Campbell, Angus, 1910-1980",lcnaf,http://id.loc.gov/authorities/names/n80046411
"Campbell, B. Hodges.",lcnaf,
"Campbell, Caroline Belzora, 1859-1926.",lcnaf,
"Campbell, Charles Hotchkiss, 1858-1927.",lcnaf,
"Campbell, Colin Percy, 1877-",lcnaf,
"Campbell, Douglas Houghton, 1859-1953.",lcnaf,http://id.loc.gov/authorities/names/n87136153
"Campbell, Edward De Mille, 1863-1925.",lcnaf,http://id.loc.gov/authorities/names/no2008155815
"Campbell, Ernest T.",lcnaf,
"Campbell, Harvey J., 1890-",lcnaf,
"Campbell, Henry M. (Henry Munroe), 1783-1842.",lcnaf,
"Campbell, Henry M. (Henry Munroe), 1854-1926.",lcnaf,
"Campbell, James V. (James Valentine), 1823-1890.",lcnaf,http://id.loc.gov/authorities/names/n85363355
"Campbell, Jean.",lcnaf,
"Campbell, Nellie.",lcnaf,
"Campbell, Oscar James, 1879-1970.",lcnaf,http://id.loc.gov/authorities/names/n50030950
"Campbell, Robert A.",lcnaf,
"Campbell, Robert Clair, 1870-1945.",lcnaf,
"Campbell, Robert H.",lcnaf,
"Campbell, Ruth.",lcnaf,
"Campbell, Thomas E., b. 1858.",lcnaf,
"Campbell, Valeria, 1815-1895.",lcnaf,
"Campbell, William Wallace, 1862-1938",lcnaf,http://id.loc.gov/authorities/names/n85810443
"Campbell, William, b.1829.",lcnaf,
"Canby, Henry Seidel, 1878-1961.",lcnaf,http://id.loc.gov/authorities/names/n50051945
"Canfield, James Hulme, 1847-1909.",lcnaf,http://id.loc.gov/authorities/names/n90664303
"Canham, Don.",lcnaf,
"Cannell, Charles F.",lcnaf,http://id.loc.gov/authorities/names/n79119024
"Cannon, Clarence, 1879-1964.",lcnaf,http://id.loc.gov/authorities/names/n83181659
"Cannon, George Henry, b. 1826.",lcnaf,
"Cannon, James, 1864-1944.",lcnaf,http://id.loc.gov/authorities/names/n88205795
"Cannon, Joseph Gurney, 1836-1926.",lcnaf,http://id.loc.gov/authorities/names/n50051508
"Cannon, Levi H., b. 1830 or 31.",lcnaf,
"Cantor, Nancy.",lcnaf,http://id.loc.gov/authorities/names/n81008853
"Cantril, Hadley, 1906-1969.",lcnaf,http://id.loc.gov/authorities/names/n79018356
"Capehart, Homer E. (Homer Earl), 1897-1979.",lcnaf,http://id.loc.gov/authorities/names/n86034212
"Caplan, Abraham.",lcnaf,
"Cappaert, Andrea Lael, 1952-1980.",lcnaf,
"Cappaert, Lael.",lcnaf,
"Cappaert, LeRoy.",lcnaf,
"Capper, Arthur, 1865-1951.",lcnaf,http://id.loc.gov/authorities/names/n86114844
"Carby, Hazel V.",lcnaf,http://id.loc.gov/authorities/names/n86035918
"Cardona, Ana Luisa.",lcnaf,
"Cardozo, Benjamin N. (Benjamin Nathan), 1870-1938.",lcnaf,http://id.loc.gov/authorities/names/n50032400
"Cares, Charles W.",lcnaf,
"Carey, B. W.",lcnaf,
"Carey, Ed.",lcnaf,
"Carey, Edward.",lcnaf,
"Carey, Harry Westronae, 1850-1911.",lcnaf,
"Carey, Henry Westronae, 1850-1911.",lcnaf,
"Carey, John.",lcnaf,
"Carhart, Henry S. (Henry Smith), 1844-1920.",lcnaf,http://id.loc.gov/authorities/names/n87100438
"Carlisle, Daniel, 1797-1872.",lcnaf,
"Carlisle, Francis A.",lcnaf,
"Carlisle, Hannah, 1823-1906.",lcnaf,
"Carlisle, Joseph L.",lcnaf,
"Carlisle, Phyllis.",lcnaf,
"Carlisle, William.",lcnaf,
"Carlson, Frank, 1893-1987",lcnaf,http://id.loc.gov/authorities/names/no99053643
"Carlson, John Roy.",lcnaf,
"Carman, Ada MacVicar.",lcnaf,
"Carman, George N., 1856-1941.",lcnaf,
"Carmichael, Leonard, 1898-1973",lcnaf,http://id.loc.gov/authorities/names/n50032465
"Carmichael, Stokely.",lcnaf,
"Carnegie, Andrew, 1835-1919.",lcnaf,http://id.loc.gov/authorities/names/n50032468
"Carnegie, Dale, 1888-1955.",lcnaf,http://id.loc.gov/authorities/names/n50037007
"Carnegie, Louise Whitfield, 1857-1946.",lcnaf,
"Carpenter, Charles William, 1886-1971.",lcnaf,
"Carpenter, Etta.",lcnaf,
"Carpenter, Eugenia S.",lcnaf,http://id.loc.gov/authorities/names/n87143154
"Carpenter, Frank W. (Frank Watson), 1871-1938.",lcnaf,
"Carpenter, Guy, 1808-1849.",lcnaf,
"Carpenter, H. Beach (Hiram Beach), 1892-1955.",lcnaf,
"Carpenter, Kurt.",lcnaf,
"Carr, Beatrice.",lcnaf,
"Carr, Bob, 1943-",lcnaf,
"Carr, H. B.",lcnaf,
"Carr, Harvey, 1873-",lcnaf,
"Carr, Lauren Duane.",lcnaf,
"Carr, Leland W. (Leland Walker), 1883-1969",lcnaf,http://id.loc.gov/authorities/names/no2008190215
"Carr, Lowell Juilliard, 1885-",lcnaf,
"Carr, Marian",lcnaf,
"Carr, Marvin S.",lcnaf,
"Carr, Marvin Stearns.",lcnaf,
"Carr, Susan E.",lcnaf,
"Carr, Wilbur J. (Wilbur John), 1870-1942.",lcnaf,http://id.loc.gov/authorities/names/n86034218
"Carrel, Alexis, 1873-1944.",lcnaf,http://id.loc.gov/authorities/names/n79007704
"Carrera Verdugo, José Miguel, 1785-1821.",lcnaf,
"Carrington, Edward.",lcnaf,
"Carroll, Eber Malcolm, 1893-1959.",lcnaf,http://id.loc.gov/authorities/names/n50058767
"Carroll, Gladys Hasty, 1904-1999",lcnaf,http://id.loc.gov/authorities/names/n78093493
"Carroll, Phil.",lcnaf,
"Carrow, Flemming, 1852-1929.",lcnaf,
"Carrow, John, 1913-1995.",lcnaf,
"Carruth, Hayden, 1862-1932.",lcnaf,http://id.loc.gov/authorities/names/n90636553
"Carson, Gerald.",lcnaf,http://id.loc.gov/authorities/names/no2007026295
"Carson, John Joseph, 1889-",lcnaf,http://id.loc.gov/authorities/names/no2012139351
"Carter, Jimmy, 1924-",lcnaf,http://id.loc.gov/authorities/names/n79021791
"Carter, Thomas M.",lcnaf,http://id.loc.gov/authorities/names/n83192869
"Carton, Augustus C.",lcnaf,
"Carton, John J. (John Jay), 1856-1934.",lcnaf,http://id.loc.gov/authorities/names/no2008188968
"Cartwright, Dorwin.",lcnaf,http://id.loc.gov/authorities/names/nb99032402
"Caruso, Enrico, 1873-1921.",lcnaf,http://id.loc.gov/authorities/names/n50034771
"Carver, George Washington, 1864?-1943.",lcnaf,http://id.loc.gov/authorities/names/n50034776
"Cary, William M.",lcnaf,
"Casals, Pablo, 1876-1973.",lcnaf,http://id.loc.gov/authorities/names/n79015686
"Case, Arthur R., 1900-",lcnaf,
"Case, Clifford P. (Clifford Philip), 1904-1982.",lcnaf,http://id.loc.gov/authorities/names/n85160957
"Case, E. C. (Ermine Cowles), b. 1871.",lcnaf,
"Case, Francis H. (Francis Higbee), 1896-1962.",lcnaf,http://id.loc.gov/authorities/names/n87870666
"Case, James Herbert, 1906-1965",lcnaf,http://id.loc.gov/authorities/names/no2009000751
"Case, Leverette N.",lcnaf,
"Casey, Genevieve M., 1916-",lcnaf,http://id.loc.gov/authorities/names/n50034456
"Casey, William R.",lcnaf,
"Cash, Norman, 1934-",lcnaf,
"Cash, William L.",lcnaf,
"Cash, William Levi, 1915-",lcnaf,
"Cass, Lewis, 1782-1866.",lcnaf,http://id.loc.gov/authorities/names/n50034113
"Cassidy, Jay.",lcnaf,http://id.loc.gov/authorities/names/no2005085083
"Cassino, Samuel Edson, 1856-1937.",lcnaf,http://id.loc.gov/authorities/names/nr2001026928
"Castagnacci, Vincent--Exhibitions.",lcnaf,
"Castagnacci, Vincent.",lcnaf,http://id.loc.gov/authorities/names/nr89003950
"Castetter, Edward Franklin, 1896-",lcnaf,http://id.loc.gov/authorities/names/n80112951
"Castle, William R. (William Richards), 1878-1963.",lcnaf,http://id.loc.gov/authorities/names/n88661666
"Cates, Clifton B. (Clifton Bledsoe), 1893-1970.",lcnaf,http://id.loc.gov/authorities/names/no2003013672
"Catford, J. C. (John Cunnison), 1917-",lcnaf,http://id.loc.gov/authorities/names/n87150218
"Cathcart, C. C.",lcnaf,
"Cather, Willa, 1873-1947.",lcnaf,http://id.loc.gov/authorities/names/n80015717
"Catlin, George B. (George Byron), 1857-1934.",lcnaf,http://id.loc.gov/authorities/names/n87891319
"Catt, Carrie Chapman, 1859-1947.",lcnaf,http://id.loc.gov/authorities/names/n50035823
"Cattell, James McKeen, 1860-1944.",lcnaf,http://id.loc.gov/authorities/names/n80131128
"Catton, Bruce, 1899-1978",lcnaf,http://id.loc.gov/authorities/names/n79007071
"Cavanagh, George, 1872-1950.",lcnaf,
"Cavanagh, Jerome Patrick, 1928-1979.",lcnaf,
"Cavanaugh, Jerome Patrick, 1928-1979.",lcnaf,
"Cavanaugh, Martin J., 1866-",lcnaf,
"Cavender, George.",lcnaf,http://id.loc.gov/authorities/names/n79085230
"Cavines, Jane.",lcnaf,
"Cawling, Donald J.",lcnaf,
"Cawthorne, Dennis.",lcnaf,
"Cecil, Lee M.",lcnaf,
"Cederberg, Elford Alfred, 1918-",lcnaf,
"Celebrezze, Anthony J. (Anthony Joseph), 1910-1998",lcnaf,http://id.loc.gov/authorities/names/n93052404
"Celler, Emanuel, 1888-1981",lcnaf,http://id.loc.gov/authorities/names/n86114201
"Cerf, Vinton G., 1940-",lcnaf,
"Chabrier, Emmanuel, 1841-1894.",lcnaf,http://id.loc.gov/authorities/names/n79105801
"Chabut, Jean.",lcnaf,
"Chadwick, John White, 1840-1904.",lcnaf,http://id.loc.gov/authorities/names/n50036114
"Chafee, John H., 1922-1999",lcnaf,http://id.loc.gov/authorities/names/n87945313
"Chafin, Eugene W. (Eugene Wilder), 1852-1920.",lcnaf,http://id.loc.gov/authorities/names/n89622959
"Chalmers, Allan Knight, 1897-",lcnaf,http://id.loc.gov/authorities/names/no96011865
"Chalmers, Hugh, 1873-1932.",lcnaf,
"Chamberlain, Charles E. (Charles Ernest), 1917-2002",lcnaf,http://id.loc.gov/authorities/names/no2008190239
"Chamberlain, Joshua Lawrence, 1828-1914.",lcnaf,http://id.loc.gov/authorities/names/n79027161
"Chamberlain, Samuel Selwyn, 1851-1916.",lcnaf,
"Chamberlin, John R.",lcnaf,http://id.loc.gov/authorities/names/n85368984
"Chamberlin, Thomas C. (Thomas Chrowder), 1843-1928.",lcnaf,http://id.loc.gov/authorities/names/n87811372
"Chamberlin, William Henry, 1897-1969.",lcnaf,http://id.loc.gov/authorities/names/n86031469
"Chambers, David L., 1911-",lcnaf,
"Chambers, David Laurance, b. 1879.",lcnaf,
"Chambers, Evan K., 1963-",lcnaf,http://id.loc.gov/authorities/names/nr96015638
"Chambers, William Paris, 1854-1913.",lcnaf,http://id.loc.gov/authorities/names/n78016693
"Chaminade, Cecile, 1857?-1944.",lcnaf,http://id.loc.gov/authorities/names/n81076989
"Champion, Edouard, 1882-1938.",lcnaf,http://id.loc.gov/authorities/names/n85327696
"Champlin, John Wayne, 1831-1901.",lcnaf,
"Chand, Rup, 1902-1994.",lcnaf,
"Chandler, Bert D.",lcnaf,
"Chandler, Elizabeth Margaret, 1807-1834.",lcnaf,http://id.loc.gov/authorities/names/n85323082
"Chandler, Elizabeth Margaret, 1835-1923.",lcnaf,
"Chandler, F. W. (Francis Ward), 1844-1926.",lcnaf,http://id.loc.gov/authorities/names/nr92029432
"Chandler, George Moseley.",lcnaf,
"Chandler, Happy, 1898-1991",lcnaf,http://id.loc.gov/authorities/names/n88292427
"Chandler, Henry.",lcnaf,
"Chandler, Margaret Evans, 1778-1807.",lcnaf,
"Chandler, Sarah Taylor.",lcnaf,
"Chandler, Thomas, 1773-ca.1816.",lcnaf,
"Chandler, Thomas, b. 1806.",lcnaf,
"Chandler, William G.",lcnaf,
"Chandler, Zachariah, 1813-1879.",lcnaf,http://id.loc.gov/authorities/names/nr90009135
"Chaney, Henry A.",lcnaf,
"Chang, Wyszie Shionyu.",lcnaf,
"Channing, Edward, 1856-1931.",lcnaf,http://id.loc.gov/authorities/names/n50036310
"Chapin, Augusta J., d. 1905.",lcnaf,
"Chapin, Charles A. (Charles Augustus)",lcnaf,
"Chapin, E. R.",lcnaf,
"Chapin, Henry A. (Henry Austin), 1813-1898.",lcnaf,
"Chapin, Lucy E., 1834-1910.",lcnaf,
"Chapin, Lucy E., 1835-1910.",lcnaf,
"Chapin, Roy D. (Roy Dikeman), 1880-1936.",lcnaf,http://id.loc.gov/authorities/names/n86114210
"Chapin, Roy Dikeman, 1915-",lcnaf,
"Chaplin, Maxwell.",lcnaf,
"Chaplin, Scott, collector.",lcnaf,
"Chapman, Carl H. (Carl Haley), 1915-1987",lcnaf,http://id.loc.gov/authorities/names/n79066115
"Chapman, Charles E. (Charles Edward), 1880-1941.",lcnaf,http://id.loc.gov/authorities/names/n50036363
"Chapman, Fred A., 1878-1938.",lcnaf,
"Chapman, Herman Haupt, 1874-1963.",lcnaf,http://id.loc.gov/authorities/names/nr00032680
"Chapman, Howard Rufus, 1868-1942.",lcnaf,
"Chapman, Katie.",lcnaf,http://id.loc.gov/authorities/names/nb2007009335
"Chapman, Oscar L. (Oscar Littleton), 1896-1978.",lcnaf,http://id.loc.gov/authorities/names/n90660154
"Charles, Gordon.",lcnaf,
"Charlesworth, James C. (James Clyde), 1900-1974",lcnaf,http://id.loc.gov/authorities/names/n50036375
"Charnetski, Clark J.",lcnaf,
"Charnwood, Godfrey Rathbone Benson, Baron, 1864-1945.",lcnaf,http://id.loc.gov/authorities/names/n89600070
"Charters, W. W. (Werrett Wallace), 1875-1952.",lcnaf,http://id.loc.gov/authorities/names/n93804792
"Chase, A. W. (Alvin Wood), 1817-1885.",lcnaf,http://id.loc.gov/authorities/names/n81024666
"Chase, Alberta.",lcnaf,
"Chase, Cornelia, 1815-1905.",lcnaf,
"Chase, Delia A.",lcnaf,
"Chase, George Willey, b. 1840.",lcnaf,
"Chase, Harry Woodburn, 1883-1955.",lcnaf,http://id.loc.gov/authorities/names/n91052111
"Chase, Lew Allen, 1879-1957.",lcnaf,http://id.loc.gov/authorities/names/no2003047103
"Chase, Mary Ellen, 1887-1973.",lcnaf,http://id.loc.gov/authorities/names/n50038212
"Chase, Salmon P. (Salmon Portland), 1808-1873.",lcnaf,http://id.loc.gov/authorities/names/n50036227
"Chase, Stuart, 1888-1985.",lcnaf,http://id.loc.gov/authorities/names/n80039724
"Chatterjee, Ramananda, 1865-1943.",lcnaf,http://id.loc.gov/authorities/names/n82009544
"Chavez, Cesar, 1927-1993",lcnaf,http://id.loc.gov/authorities/names/n50038224
"Chavis, John, 1923-",lcnaf,
"Chavis, John.",lcnaf,
"Chawke, Thomas F.",lcnaf,
"Cheatham, Kitty, 1864?-1946.",lcnaf,
"Cheesman, Jack D.",lcnaf,
"Cheever, Byron William, 1841-1888.",lcnaf,
"Chenevert, Basil J.",lcnaf,
"Chennault, Claire Lee, 1890-1958.",lcnaf,
"Cherrin, Daniel.",lcnaf,
"Cherrington, Ernest Hurst, 1877-1950.",lcnaf,http://id.loc.gov/authorities/names/n82070548
"Chester, Eric.",lcnaf,
"Chevion, Dov.",lcnaf,
"Cheyney, Ralph.",lcnaf,
"Chiang, Kai-Shek 1887-1975.",lcnaf,http://id.loc.gov/authorities/names/n80057046
"Chiang, May-ling Soong, 1897-2003.",lcnaf,http://id.loc.gov/authorities/names/n50059493
"Child, Charles Gardner, 1908-",lcnaf,
"Childe, V. Gordon (Vere Gordon), 1892-1957.",lcnaf,http://id.loc.gov/authorities/names/n79120914
"Childres, Jack.",lcnaf,
"Childs, B. F.",lcnaf,
"Childs, Harold Farnsworth.",lcnaf,
"Childs, Joseph A.",lcnaf,
"Childs, Marquis W. (Marquis William), 1903-1990",lcnaf,http://id.loc.gov/authorities/names/n79133229
"Chilson, Elbert V.",lcnaf,
"Chin, Vincent.",lcnaf,
"Chinard, Gilbert, 1881-1972.",lcnaf,
"Chipman, Dorothy, 1896-",lcnaf,
"Chipman, Henry C., 1784-1867.",lcnaf,
"Chipman, Hope, 1900-1982.",lcnaf,
"Chipman, Janet.",lcnaf,
"Chirri, Mohamad Jawad.",lcnaf,http://id.loc.gov/authorities/names/n80010296
"Chisholm, Frank P.",lcnaf,
"Choate, Joseph Hodges, 1832-1917.",lcnaf,http://id.loc.gov/authorities/names/n50038184
"Chomsky, Noam.",lcnaf,http://id.loc.gov/authorities/names/n79104267
"Chorover, Stephan L.",lcnaf,http://id.loc.gov/authorities/names/n78081027
"Chotiner, Murray M., 1909-1974.",lcnaf,
"Chou, En-lai, 1898-1976.",lcnaf,http://id.loc.gov/authorities/names/n50042000
"Christensen, A. Kent.",lcnaf,
"Christensen, Ethlyn.",lcnaf,http://id.loc.gov/authorities/names/n90714360
"Christensen, Halvor N.",lcnaf,http://id.loc.gov/authorities/names/n50037626
"Christensen, John Cornelius, 1874-1952.",lcnaf,
"Christgau, Oscar Gottlieb.",lcnaf,
"Christian, David Palmer, 1885-1947.",lcnaf,
"Christian, Palmer.",lcnaf,
"Christiancy, G. C.",lcnaf,
"Christiancy, Isaac Peckham, 1812-1890.",lcnaf,http://id.loc.gov/authorities/names/n88159836
"Christiancy, Nathaniel L.",lcnaf,
"Christman, Adam Arthur, 1896---Department of Biological Chemistry, 1922-1955--1978.",lcnaf,
"Chriswell, Keith.",lcnaf,
"Chrysler, Richard.",lcnaf,
"Chrysler, Walter Percy, 1875-1940.",lcnaf,http://id.loc.gov/authorities/names/nr95026107
"Chudwin, David",lcnaf,
"Church, F. M.",lcnaf,
"Church, Frank.",lcnaf,
"Church, Michael P. (Michael Paul), 1907-",lcnaf,
"Church, Michael P., 1907-",lcnaf,
"Church, William L.",lcnaf,
"Churchill, Alfred Vance, 1864-1934.",lcnaf,
"Churchill, Winston, Sir, 1874-1965.",lcnaf,http://id.loc.gov/authorities/names/n78085430
"Cianciola, Frank J.",lcnaf,
"Ciardi, John, 1916-1986",lcnaf,http://id.loc.gov/authorities/names/n79058347
"Cimprich, Bernadine.",lcnaf,http://id.loc.gov/authorities/names/n85232315
"Cisler, Walker L. (Walker Lee), 1897-1994",lcnaf,http://id.loc.gov/authorities/names/n94063919
"Cisler, Walker Lee, 1897-",lcnaf,
"Cisney, Marcella.",lcnaf,http://id.loc.gov/authorities/names/n2009042529
"Cissel, James H. (James Harlan), 1889-",lcnaf,http://id.loc.gov/authorities/names/no93009746
"Cissel, James H. (James Harlan), b. 1889.",lcnaf,
"Cissel, James H., 1889-1949.",lcnaf,
"Clague, Ashley, 1902-",lcnaf,
"Clancey, Thomas.",lcnaf,
"Clancy, John Newman.",lcnaf,
"Clancy, Robert Henry, 1882-1962.",lcnaf,http://id.loc.gov/authorities/names/no2008190246
"Claparède, Edouard, 1873-1940.",lcnaf,
"Clapp, Earle H. (Earle Hart), 1877-1970",lcnaf,http://id.loc.gov/authorities/names/nr00032678
"Clapper, Raymond, 1892-1944.",lcnaf,http://id.loc.gov/authorities/names/n86114997
"Clardy, Kit Francis, 1892-",lcnaf,
"Clark, Champ, 1850-1921.",lcnaf,http://id.loc.gov/authorities/names/n85337433
"Clark, Emory W.",lcnaf,
"Clark, Frank Monroe, 1915-",lcnaf,
"Clark, Frederick Converse.",lcnaf,
"Clark, Frederick Owen, b. 1842.",lcnaf,
"Clark, George Brownell.",lcnaf,
"Clark, Helen.",lcnaf,
"Clark, Herbert Watson.",lcnaf,
"Clark, Horace.",lcnaf,
"Clark, Hubert Lyman, 1870-1947.",lcnaf,http://id.loc.gov/authorities/names/no98106813
"Clark, Iva.",lcnaf,
"Clark, J. Reuben (Joshua Reuben), 1871-1961.",lcnaf,http://id.loc.gov/authorities/names/n80067485
"Clark, John Bates, 1847-1938.",lcnaf,http://id.loc.gov/authorities/names/n50038685
"Clark, Joseph S.",lcnaf,http://id.loc.gov/authorities/names/n50039089
"Clark, Mary H.",lcnaf,
"Clark, Mary H., d. 1875.",lcnaf,
"Clark, Max A. X.",lcnaf,
"Clark, Noreen M.",lcnaf,
"Clark, Rodger Sherman.",lcnaf,
"Clark, Thomas Curtis, 1877-1953.",lcnaf,http://id.loc.gov/authorities/names/n50038497
"Clark, Tom C. (Tom Campbell), 1899-1977.",lcnaf,http://id.loc.gov/authorities/names/n85320746
"Clarke, Daniel.",lcnaf,
"Clarke, De Witt C.",lcnaf,
"Clarke, Dell Deland.",lcnaf,
"Clarke, Herbert L. (Herbert Lincoln), 1867-1945.",lcnaf,http://id.loc.gov/authorities/names/n79093346
"Clarke, James Freeman, 1810-1888.",lcnaf,http://id.loc.gov/authorities/names/n50041044
"Clarke, Mary Flint.",lcnaf,
"Clarke, Peter.",lcnaf,
"Clarke, Sarah.",lcnaf,
"Clarke, William Flint.",lcnaf,
"Classer, J. A.",lcnaf,
"Claude, Georges, 1870-1960.",lcnaf,http://id.loc.gov/authorities/names/n87813125
"Clauss, Julius A., 1886-1973.",lcnaf,
"Claxton, Philander Priestley, 1862-1957.",lcnaf,http://id.loc.gov/authorities/names/no2011078251
"Claxton, William C.",lcnaf,
"Clay, Grady.",lcnaf,http://id.loc.gov/authorities/names/n79135489
"Clay, Lucius D. (Lucius DuBignon), 1897-1978.",lcnaf,http://id.loc.gov/authorities/names/n82101316
"Clay, Margaret L.",lcnaf,
"Clayberg, John Bertrand, 1853-1921.",lcnaf,
"Claybourn, Elsie Greiser.",lcnaf,
"Claybourn, John Geronold, 1886-",lcnaf,
"Claybourn, Leslie W. (Leslie William), 1883-1956.",lcnaf,
"Clayton, Powell, 1833-1914.",lcnaf,http://id.loc.gov/authorities/names/nr92004277
"Clayton, Will, 1880-1966.",lcnaf,http://id.loc.gov/authorities/names/n92085852
"Claytor, Helen Jackson.",lcnaf,
"Cleage, Albert B.",lcnaf,http://id.loc.gov/authorities/names/n80045123
"Cleary, Gerald J.",lcnaf,
"Cleary, Owen J., 1900-1960.",lcnaf,http://id.loc.gov/authorities/names/no2008190172
"Cleaver, Eldridge, 1935-1998.",lcnaf,http://id.loc.gov/authorities/names/n50040972
"Clemens, Mary Strong, 1873-1968.",lcnaf,
"Clement, Hugh B.",lcnaf,
"Clements, James.",lcnaf,
"Clements, Jessie Young.",lcnaf,
"Clements, William L. (William Lawrence), 1861-1934.",lcnaf,http://id.loc.gov/authorities/names/nr94018515
"Clepper, Henry Edward, 1901-1987.",lcnaf,http://id.loc.gov/authorities/names/n79085093
"Cleveland, Clyde.",lcnaf,
"Cleveland, Frederick Albert, 1865-1946.",lcnaf,http://id.loc.gov/authorities/names/n80107285
"Cleveland, Grover, 1837-1908.",lcnaf,http://id.loc.gov/authorities/names/n50029194
"Cleveland, Harlan.",lcnaf,http://id.loc.gov/authorities/names/n79138818
"Cleveland, James M., 1911-",lcnaf,
"Cleven, N. Andrew N. (Nels Andrew Nelson), 1874-1961.",lcnaf,http://id.loc.gov/authorities/names/no2011110908
"Clevenger, Raymond Francis, 1926-",lcnaf,
"Clinton, Bill, 1946-",lcnaf,http://id.loc.gov/authorities/names/n82029644
"Clinton, Hillary Rodham.",lcnaf,http://id.loc.gov/authorities/names/n93010903
"Clippert, Conrad J., 1834-1901.",lcnaf,
"Clippert, George H.",lcnaf,http://id.loc.gov/authorities/names/n97038331
"Clippert, Harry, 1888-1972.",lcnaf,
"Clisbee, Charles West, 1833-1889.",lcnaf,
"Clock, John Percey.",lcnaf,
"Clooney, George.",lcnaf,http://id.loc.gov/authorities/names/no96040669
"Close, Edward Bennett, 1882-1955.",lcnaf,
"Close, Upton, 1894-1960",lcnaf,http://id.loc.gov/authorities/names/no91018130
"Closterhouse, Leon T.",lcnaf,
"Clothier, Florence, 1903-",lcnaf,
"Clough, J. E. (John Everett), 1836-1910.",lcnaf,http://id.loc.gov/authorities/names/n90624203
"Clover, Elzada Urseba, 1897-1980.",lcnaf,
"Clowry, Robert Charles, 1838-1925.",lcnaf,http://id.loc.gov/authorities/names/n96057101
"Clute, Lemuel.",lcnaf,
"Coakley, James F.",lcnaf,
"Coate, Lowell H.",lcnaf,
"Cobb, Alice Vara.",lcnaf,
"Cobb, Frank Irving, 1869-1923.",lcnaf,http://id.loc.gov/authorities/names/n88274746
"Cobb, Henry Ives, 1859-1931.",lcnaf,http://id.loc.gov/authorities/names/nr2002036607
"Cobb, Nathan Augustus, 1859-1932.",lcnaf,http://id.loc.gov/authorities/names/n94096602
"Cobb, Ty, 1886-1961.",lcnaf,http://id.loc.gov/authorities/names/n84009409
"Coblentz, Edmond D.",lcnaf,http://id.loc.gov/authorities/names/no91020763
"Cobo, Albert E. (Albert Eugene), 1893-1957.",lcnaf,http://id.loc.gov/authorities/names/no2008190241
"Cobo, Albert Eugene, 1893-1957.",lcnaf,http://id.loc.gov/authorities/names/no2008190241
"Coburn, Charles Douville, 1877-1961.",lcnaf,
"Cochran, Friend Morris, 1897-",lcnaf,
"Cochrane, Alexander Martin.",lcnaf,
"Cochrane, Donald F., 1881-",lcnaf,
"Cockburn, Charles.",lcnaf,http://id.loc.gov/authorities/names/n96104675
"Cocker, Benjamin Clark.",lcnaf,
"Cocker, Benjamin Franklin, 1821-1883.",lcnaf,http://id.loc.gov/authorities/names/no00078120
"Cocker, W. J. (William Johnson), 1846-1901.",lcnaf,
"Cockrel, Kenneth, Jr.",lcnaf,
"Codd, George Pierre, 1869-1927.",lcnaf,
"Cody, Hiram Sedgewick.",lcnaf,
"Coffey, Hobart R., 1896-1969.",lcnaf,
"Coffey, Wilford L., 1879-",lcnaf,
"Coffin, Howard Aldridge, 1877-1956.",lcnaf,
"Coffin, Howard Earle, 1873-1937.",lcnaf,http://id.loc.gov/authorities/names/n98020942
"Coffman, Al.",lcnaf,
"Coffman, Lotus Delta, 1875-1938.",lcnaf,http://id.loc.gov/authorities/names/n85034282
"Cogan, James J.",lcnaf,
"Cogley, John.",lcnaf,http://id.loc.gov/authorities/names/n50030566
"Cogswell, Everett C.",lcnaf,
"Cohen, Barnett, 1891-1952.",lcnaf,http://id.loc.gov/authorities/names/nr00007258
"Cohen, Benjamin V.",lcnaf,http://id.loc.gov/authorities/names/n85385724
"Cohen, Carl, 1931-",lcnaf,
"Cohen, Sophie.",lcnaf,
"Cohen, Wilbur J. (Wilbur Joseph), 1913-1987.",lcnaf,http://id.loc.gov/authorities/names/n50027574
"Colburn, Cleo M., 1895-",lcnaf,
"Colburn, Sherwood.",lcnaf,
"Colby, Bainbridge, 1869-1950.",lcnaf,http://id.loc.gov/authorities/names/n89103706
"Colby, Martha Guernsey, d. 1958.",lcnaf,
"Colby, Walter F. (Walter Francis), 1880-",lcnaf,http://id.loc.gov/authorities/names/n87833338
"Colby, Walter F. (Walter Francis), b. 1880.",lcnaf,
"Cole, Albert M. (Albert McDonald), 1901-1994",lcnaf,http://id.loc.gov/authorities/names/n2003123778
"Cole, Arthur Charles, 1886-1976",lcnaf,http://id.loc.gov/authorities/names/n50026627
"Cole, David E.",lcnaf,http://id.loc.gov/authorities/names/n90623995
"Cole, Fay-Cooper, b. 1881.",lcnaf,
"Cole, G. D. H. (George Douglas Howard), 1889-1959.",lcnaf,http://id.loc.gov/authorities/names/n80039736
"Cole, Juan Ricardo.",lcnaf,http://id.loc.gov/authorities/names/n82027464
"Cole, Robert E.",lcnaf,http://id.loc.gov/authorities/names/n79078762
"Cole, Sandra S., 1937-",lcnaf,http://id.loc.gov/authorities/names/n92804953
"Cole, Verna.",lcnaf,
"Cole, W. Sterling (William Sterling), 1904-1987.",lcnaf,http://id.loc.gov/authorities/names/n86111148
"Coleman, Creighton R., 1912-",lcnaf,
"Coleman, George William, 1867-1950.",lcnaf,
"Coleman, John Strider, 1897-1958.",lcnaf,http://id.loc.gov/authorities/names/no2009000774
"Coleman, Mary S. (Mary Stallings), 1914-2001",lcnaf,http://id.loc.gov/authorities/names/ns2012004784
"Coleman, Mary S., 1914-",lcnaf,
"Coleman, Mary Sue.",lcnaf,http://id.loc.gov/authorities/names/no2003028655
"Coleman, Richard, 1909-",lcnaf,
"Colfax, Schuyler, 1823-1885.",lcnaf,http://id.loc.gov/authorities/names/n85335914
"Coller, Frederick A.",lcnaf,http://id.loc.gov/authorities/names/n87947642
"Collier, John, 1884-1968.",lcnaf,http://id.loc.gov/authorities/names/n81090402
"Collier, T. Maxwell.",lcnaf,
"Collier, Victory P.",lcnaf,
"Collier, William Miller, 1867-1956.",lcnaf,http://id.loc.gov/authorities/names/n79109360
"Collier, William W.",lcnaf,
"Collingwood, Herbert W. (Herbert Winslow), 1857-1927.",lcnaf,http://id.loc.gov/authorities/names/n00031271
"Collins, Francis S.",lcnaf,http://id.loc.gov/authorities/names/n88008511
"Collins, John J. (John Joseph), 1935-",lcnaf,
"Collins, LeRoy.",lcnaf,
"Collins, Russell B.",lcnaf,
"Collyer, Robert, 1823-1912.",lcnaf,http://id.loc.gov/authorities/names/no96052125
"Colt, Harris Dunscomb, 1861-1959.",lcnaf,http://id.loc.gov/authorities/names/no2006048913
"Colvin, David Leigh, 1880-1959.",lcnaf,
"Commons, John Rogers, 1862-1945.",lcnaf,http://id.loc.gov/authorities/names/n50031418
"Comparet, Bertrand.",lcnaf,
"Compton, Arthur Holly, 1892-1962.",lcnaf,http://id.loc.gov/authorities/names/n50030032
"Compton, Bulah.",lcnaf,
"Compton, K. T. (Karl Taylor), 1887-1954.",lcnaf,http://id.loc.gov/authorities/names/n88616959
"Comstock, Addison J., 1802-1867.",lcnaf,
"Comstock, Darius.",lcnaf,
"Comstock, O. C. (Oliver Cromwell), 1780-1860.",lcnaf,http://id.loc.gov/authorities/names/nr94036688
"Comstock, William Alfred, 1877-1949.",lcnaf,http://id.loc.gov/authorities/names/no2008182100
"Conant, Charles A. (Charles Arthur), 1861-1915.",lcnaf,http://id.loc.gov/authorities/names/n88071699
"Conant, Isabel Fiske.",lcnaf,http://id.loc.gov/authorities/names/no2009116782
"Conant, James Bryant, 1893-1978.",lcnaf,http://id.loc.gov/authorities/names/n50030042
"Conant, Shubael, b. 1783.",lcnaf,
"Conard, Alfred F. (Alfred Fletcher), 1911-2009",lcnaf,http://id.loc.gov/authorities/names/n79102860
"Condon, Randall J. (Randall Judson), 1862-1931.",lcnaf,http://id.loc.gov/authorities/names/n85089029
"Condon, Richard.",lcnaf,http://id.loc.gov/authorities/names/n80044645
"Conely, Edwin Forrest, 1847-1902.",lcnaf,
"Conger, Ivan.",lcnaf,
"Conger, Lucile B.",lcnaf,
"Conger, Omar Dwight, 1818-1898.",lcnaf,http://id.loc.gov/authorities/names/no99077701
"Conklin, Edward Grant, 1863-1952.",lcnaf,
"Conkling, Roscoe, 1829-1888.",lcnaf,http://id.loc.gov/authorities/names/n85363319
"Conlin, Rollo G., 1903-1974.",lcnaf,
"Conn, Jerome W., 1907-",lcnaf,http://id.loc.gov/authorities/names/n2001131310
"Conn, Jerome W., 1907-1994.",lcnaf,
"Connable, Alfred B. (Alfred Barnes), 1904-",lcnaf,
"Connally, Tom, 1877-1963.",lcnaf,http://id.loc.gov/authorities/names/n92029282
"Conner, Roger L.",lcnaf,
"Connerly, Ward, 1939-",lcnaf,http://id.loc.gov/authorities/names/n99836354
"Connick, Charles Jay, 1875-1945.",lcnaf,
"Connolly, John W.",lcnaf,http://id.loc.gov/authorities/names/n82122099
"Conover, James F.",lcnaf,http://id.loc.gov/authorities/names/no2008099065
"Conover, Milton, 1890-",lcnaf,http://id.loc.gov/authorities/names/n90627259
"Conroy, Catherine.",lcnaf,
"Constantinides, Angelos.",lcnaf,
"Constantinides, Eleni.",lcnaf,
"Constantinides, George.",lcnaf,http://id.loc.gov/authorities/names/n86870732
"Constantinides, Kathy, 1936-",lcnaf,http://id.loc.gov/authorities/names/n88616196
"Converse, Jean M., 1927-",lcnaf,http://id.loc.gov/authorities/names/n79119023
"Converse, Philip E., 1928-",lcnaf,
"Converse, Philip E., 1928-2014",lcnaf,http://id.loc.gov/authorities/names/n79144950
"Conway, Charles T., 1907-",lcnaf,
"Conway, Jack T., 1917-",lcnaf,
"Conyers, John, 1929-",lcnaf,http://id.loc.gov/authorities/names/n85376924
"Cook, Alexander, 1901-",lcnaf,http://id.loc.gov/authorities/names/no95022100
"Cook, Ann Bradford.",lcnaf,
"Cook, Blanche Wiesen.",lcnaf,http://id.loc.gov/authorities/names/n80139782
"Cook, D. B.",lcnaf,
"Cook, Dana G., 1855-1932.",lcnaf,
"Cook, Franklin Mead, 1863-",lcnaf,
"Cook, Marshall L., 1858-1955.",lcnaf,
"Cook, Peter Napoleon, b. 1840.",lcnaf,
"Cook, William Randolph, 1866-1946.",lcnaf,
"Cook, William W. (William Wilson), 1858-1930.",lcnaf,http://id.loc.gov/authorities/names/n87856649
"Cooke, Edmund Vance, 1866-1932.",lcnaf,http://id.loc.gov/authorities/names/no95011814
"Cooke, George Willis, 1848-1923.",lcnaf,http://id.loc.gov/authorities/names/n50027305
"Cooley, Charles Horton, 1864-1929.",lcnaf,http://id.loc.gov/authorities/names/n80056984
"Cooley, Edgar Arthur.",lcnaf,
"Cooley, Ernest Linwood, 1856-1928.",lcnaf,
"Cooley, Eugene, 1849-1937.",lcnaf,
"Cooley, Lyman Edgar, 1850-1917.",lcnaf,http://id.loc.gov/authorities/names/no2001019092
"Cooley, Mary Elizabeth.",lcnaf,
"Cooley, Mary Horton, 1830-1890.",lcnaf,
"Cooley, Mortimer E. (Mortimer Elwyn), 1855-1944.",lcnaf,http://id.loc.gov/authorities/names/n84804477
"Cooley, Mortimer E., 1855-1946.",lcnaf,
"Cooley, Thomas McIntyre, 1824-1898.",lcnaf,http://id.loc.gov/authorities/names/n50032078
"Coolidge, Calvin, 1872-1933.",lcnaf,http://id.loc.gov/authorities/names/n50043492
"Coolidge, Grace Goodhue, 1879-1957.",lcnaf,http://id.loc.gov/authorities/names/n88027692
"Coolidge, Harold J. (Harold Jefferson), 1904-1985",lcnaf,http://id.loc.gov/authorities/names/n96108877
"Coombs, Clyde H. (Clyde Hamilton), 1912-1988",lcnaf,http://id.loc.gov/authorities/names/n50032517
"Coombs, Clyde Hamilton, 1912-",lcnaf,
"Coombs, Lolagene C.",lcnaf,
"Coomes, Francis J.",lcnaf,
"Coon, Minor Jesser, 1921-",lcnaf,http://id.loc.gov/authorities/names/n80010128
"Coonent, James.",lcnaf,
"Coons, Dorothy H., 1914-",lcnaf,
"Cooper, Harry D., 1863-1933.",lcnaf,
"Cooper, John Sherman, 1901-1991",lcnaf,http://id.loc.gov/authorities/names/n81028368
"Cooper, Margaret Cochrane, 1835-1907.",lcnaf,
"Cooperrider, Luke K.",lcnaf,
"Coors, D. Stanley, 1889-",lcnaf,
"Cootware, Donna.",lcnaf,
"Cope, E. D. (Edward Drinker), 1840-1897.",lcnaf,http://id.loc.gov/authorities/names/n50017607
"Cope, Helen Gibson, collector",lcnaf,
"Cope, Helen Gibson.",lcnaf,
"Copeland, Royal S. (Royal Samuel), 1868-1938.",lcnaf,http://id.loc.gov/authorities/names/no97067269
"Copland, Aaron, 1900-1990",lcnaf,http://id.loc.gov/authorities/names/n79089419
"Copley, Almon Ward, 1867-",lcnaf,
"Coply, Alexander Bennett, 1822-1899.",lcnaf,
"Copp, Charlotte.",lcnaf,
"Corbett, Brenda.",lcnaf,http://id.loc.gov/authorities/names/n98094355
"Corbett, Robert J. (Robert James), 1905-1971.",lcnaf,http://id.loc.gov/authorities/names/n87870918
"Corbin, Gary.",lcnaf,
"Corcoran, Thomas Gardiner, 1900-",lcnaf,
"Cordes, Tania.",lcnaf,
"Cork, James M. (James Murle), 1894-",lcnaf,http://id.loc.gov/authorities/names/n85802226
"Cornelius, Louis A., 1870-1951.",lcnaf,
"Cornell, Ezra, 1807-1874.",lcnaf,http://id.loc.gov/authorities/names/n97066641
"Corretti, George L.",lcnaf,
"Corriveau, Claire.",lcnaf,
"Corsa, Leslie, 1920-",lcnaf,
"Corsa, Leslie, 1920-1984",lcnaf,http://id.loc.gov/authorities/names/n87153294
"Corselius, George, 1806-1849.",lcnaf,
"Corson, William D.",lcnaf,http://id.loc.gov/authorities/names/n82034573
"Corwin, E. H. L. (Edward Henry Lewinski), 1885-1953",lcnaf,http://id.loc.gov/authorities/names/no98124700
"Corwin, Edward Samuel, 1878-1963.",lcnaf,http://id.loc.gov/authorities/names/n79017935
"Costa, Michael Andrew Agnus, Sir, 1808-1884.",lcnaf,
"Costain, Thomas B. (Thomas Bertram), 1885-1965",lcnaf,http://id.loc.gov/authorities/names/n50018153
"Costello, Lou.",lcnaf,http://id.loc.gov/authorities/names/n50018158
"Cotter, William Edward, 1893-1957.",lcnaf,
"Coudert, Frederic R. (Frederic RenÃ©), 1871-",lcnaf,
"Coudert, Frederic R. (Frederic René), 1871-",lcnaf,
"Coughlin, Charles E. (Charles Coughlin), 1891-1979.",lcnaf,http://id.loc.gov/authorities/names/n50018203
"Coughlin, Charles E. (Charles Edward), 1891-1979.",lcnaf,http://id.loc.gov/authorities/names/n50018203
"Coulter, Glenn Monroe, 1894-",lcnaf,
"Countryman, Vern.",lcnaf,http://id.loc.gov/authorities/names/n79056157
"Courant, Paul.",lcnaf,
"Courtney, Kent.",lcnaf,http://id.loc.gov/authorities/names/n88172285
"Couser, James G., 1903-",lcnaf,
"Cousin, Victor, 1792-1867.",lcnaf,http://id.loc.gov/authorities/names/n50058687
"Cousins, Norman.",lcnaf,http://id.loc.gov/authorities/names/n80049812
"Couzens, Frank, 1902-1950.",lcnaf,
"Couzens, James, 1872-1936.",lcnaf,http://id.loc.gov/authorities/names/n86070545
"Covert, Florence.",lcnaf,
"Covey, Craig.",lcnaf,
"Cowden, Roy William.",lcnaf,
"Cowgill, Ella Lee.",lcnaf,http://id.loc.gov/authorities/names/n2014073006
"Cowles, Henry Chandler",lcnaf,
"Cowles, Henry Chandler, 1869-1939.",lcnaf,http://id.loc.gov/authorities/names/n87112431
"Cowles, John, 1898-1983.",lcnaf,http://id.loc.gov/authorities/names/no91002540
"Cowley, Malcolm, 1898-1989.",lcnaf,http://id.loc.gov/authorities/names/n79081720
"Cowley, W. H. (William Harold), 1899-1978",lcnaf,http://id.loc.gov/authorities/names/n79145819
"Cowling, Donald J.",lcnaf,
"Cox, Creed Fulton, 1877-1950.",lcnaf,
"Cox, Eugene.",lcnaf,
"Cox, James M. (James Middleton), 1870-1957.",lcnaf,http://id.loc.gov/authorities/names/n85127913
"Cox, Viola.",lcnaf,
"Crafts, Edward C. (Edward Clayton), 1910-",lcnaf,
"Crafts, Wilbur F. (Wilbur Fisk). 1850-1922.",lcnaf,http://id.loc.gov/authorities/names/n85268431
"Craig, Charles Patton, 1858-1935.",lcnaf,http://id.loc.gov/authorities/names/no2006050332
"Craig, James Alexander, 1855-1932.",lcnaf,http://id.loc.gov/authorities/names/n80084634
"Craig, James B.",lcnaf,
"Craig, Robert, 1882-1962.",lcnaf,
"Craine, Lyle E., 1909-1993.",lcnaf,
"Cram, Esther Marsh.",lcnaf,
"Cram, George Franklin, 1841-1928--Michigan--1882.",lcnaf,
"Cram, Ralph Adams, 1863-1942.",lcnaf,http://id.loc.gov/authorities/names/n79117196
"Cramton, Louis C. (Louis Convers), b. 1875.",lcnaf,
"Cramton, Louis Kay.",lcnaf,
"Crandall, Norman.",lcnaf,
"Crandell, John L.",lcnaf,
"Crane, Augustus Warren, 1868-1937.",lcnaf,
"Crane, C. Howard (Charles Howard), 1885-1952.",lcnaf,http://id.loc.gov/authorities/names/no97056957
"Crane, Caroline Bartlett, 1858-1935.",lcnaf,
"Crane, Charles A.",lcnaf,
"Crane, Charles Samuel, 1847-1922.",lcnaf,
"Crane, Eugene W., 1842-1873.",lcnaf,
"Crane, Flavius J. B., 1812-1886.",lcnaf,
"Crane, Florence R., 1911-",lcnaf,
"Crane, Frank, 1861-1928.",lcnaf,http://id.loc.gov/authorities/names/n84804025
"Crane, H. R. (Horace Richard), 1907-",lcnaf,
"Crane, H. R. (Horace Richard), 1907-2007",lcnaf,http://id.loc.gov/authorities/names/nr92044562
"Crane, Henry Hitt, 1890-1977.",lcnaf,http://id.loc.gov/authorities/names/n2011034836
"Crane, Robert Treat, b. 1880.",lcnaf,http://id.loc.gov/authorities/names/n85273526
"Crane, Ronald S. (Ronald Salmon), 1886-1967.",lcnaf,http://id.loc.gov/authorities/names/n79046297
"Crane, Salmon, 1812-1888.",lcnaf,
"Crane, Theodore Horace, 1844-1924.",lcnaf,
"Crane, Verner Brown, 1852-1898.",lcnaf,
"Crane, Verner W., 1889-1974",lcnaf,http://id.loc.gov/authorities/names/n81079952
"Crane, Verner Winslow, 1889-",lcnaf,
"Cranefield, Harold A.",lcnaf,
"Crapo, David.",lcnaf,
"Crapo, Henry Howland, 1804-1869.",lcnaf,http://id.loc.gov/authorities/names/n88159838
"Crapo, Henry Howland, 1830-1920.",lcnaf,
"Crapo, Stanley T.",lcnaf,
"Crapo, William Wallace, 1830-1926.",lcnaf,http://id.loc.gov/authorities/names/n91116058
"Crary, Douglas D., 1910-",lcnaf,
"Crary, Isaac Edwin, 1804-1854.",lcnaf,http://id.loc.gov/authorities/names/nr2001033381
"Crawford, Fred L., 1888-1957.",lcnaf,http://id.loc.gov/authorities/names/no2008173875
"Crawford, Harry M.",lcnaf,
"Crawford, Ivan Charles, 1886-1960.",lcnaf,
"Crawford, Richard (1935- )",lcnaf,
"Creal, Cecil O., 1899-",lcnaf,
"Creel, George, 1876-1953.",lcnaf,http://id.loc.gov/authorities/names/n50018868
"Creighton, Frank W.",lcnaf,
"Creighton, Joseph.",lcnaf,
"Creston, Paul, 1906-1985",lcnaf,http://id.loc.gov/authorities/names/n80053118
"Creswell, Cordelia, 1868?-1950.",lcnaf,
"Creswell, Margaret.",lcnaf,
"Cret, Paul Philippe, 1876-1945.",lcnaf,http://id.loc.gov/authorities/names/n85277034
"Crews, Cecil Robert.",lcnaf,http://id.loc.gov/authorities/names/n81085773
"Crews, William H.",lcnaf,
"Cribbs, William Johnston.",lcnaf,
"Cridland, Charles R.",lcnaf,
"Crim, Bobby.",lcnaf,
"Cripps, Richard Stafford, Sir, 1889-1952.",lcnaf,http://id.loc.gov/authorities/names/n83179276
"Crisler, H. O. (Herbert Orin), 1899-1982.",lcnaf,
"Crissman, John Sherman, 1896-",lcnaf,
"Crist, Raymond E.",lcnaf,http://id.loc.gov/authorities/names/n87851606
"Crittenberg, Willis.",lcnaf,
"Crittenden, Albert Robinson, 1867-1933.",lcnaf,
"Crittenden, C. H.",lcnaf,
"Crittenden, Ernest.",lcnaf,
"Crittenden, Lisla Van Valkenburg.",lcnaf,
"Crockett, George W.",lcnaf,http://id.loc.gov/authorities/names/n80121522
"Cromwell, James Henry Roberts.",lcnaf,
"Cromwell, Percy W.",lcnaf,
"Cronkite, Walter.",lcnaf,http://id.loc.gov/authorities/names/n79109028
"Crooker, Joseph Henry, 1850-1931.",lcnaf,http://id.loc.gov/authorities/names/n88623347
"Crooks, Richard, 1900-1972.",lcnaf,http://id.loc.gov/authorities/names/no93003543
"Cropley, Charles Elmore.",lcnaf,http://id.loc.gov/authorities/names/n84214448
"Cropsey, Jasper Francis, 1823-1900.",lcnaf,
"Crosby, Elizabeth Caroline, 1888-",lcnaf,http://id.loc.gov/authorities/names/n81080586
"Cross, Arthur Lyon, 1873-1940.",lcnaf,http://id.loc.gov/authorities/names/no2003069419
"Cross, Bradley R.",lcnaf,
"Cross, Ira Brown, 1880-",lcnaf,http://id.loc.gov/authorities/names/n90627430
"Cross, Robert N.",lcnaf,
"Cross, Wilbur L. (Wilbur Lucius), 1862-1948.",lcnaf,http://id.loc.gov/authorities/names/n50077517
"Croswell, Charles Miller, 1825-1886.",lcnaf,
"Crouse, John Robert, 1874-1946.",lcnaf,
"Crouse, Robert, 1813-1869.",lcnaf,
"Crow, Martha Foote, 1854-1924.",lcnaf,http://id.loc.gov/authorities/names/no94011418
"Crowley, David Henry, 1882-",lcnaf,
"Crowley, Leo T.",lcnaf,
"Crumb, George.",lcnaf,
"Crump, Jean C.",lcnaf,
"Cruzat, Gwendolyn S.",lcnaf,http://id.loc.gov/authorities/names/n50018708
"Cuddihy, Joan F.",lcnaf,
"Cudlip, William B., 1904-",lcnaf,
"Cudlip, William B., 1904-1988",lcnaf,http://id.loc.gov/authorities/names/no2008089479
"Cudlip, William Byrnes, 1904-",lcnaf,
"Cudney, Charles H., 1828-1904.",lcnaf,
"Cullen, Countee, 1903-1946.",lcnaf,http://id.loc.gov/authorities/names/n50019600
"Cullen, Yolande Dubois.",lcnaf,
"Cullinan, Gerald.",lcnaf,http://id.loc.gov/authorities/names/n85005560
"Cullis, Hazel, 1888-",lcnaf,
"Cullom, Shelby Moore, 1829-1914.",lcnaf,http://id.loc.gov/authorities/names/no89019979
"Culver, Mary M.",lcnaf,
"Cumbey, Constance E.",lcnaf,http://id.loc.gov/authorities/names/n84023212
"Cumming, Kimberli.",lcnaf,
"Cummings, E. E. (Edward Estlin), 1894-1962.",lcnaf,http://id.loc.gov/authorities/names/n79038464
"Cummings, George Donald, 1904-1967.",lcnaf,
"Cummings, Homer S.",lcnaf,
"Cummings, Joseph, 1817-1890.",lcnaf,http://id.loc.gov/authorities/names/nr99028598
"Cummins, Albert Baird, 1850-1926.",lcnaf,http://id.loc.gov/authorities/names/n2005090775
"Cunliffe, John William, 1865-1946.",lcnaf,http://id.loc.gov/authorities/names/n50019321
"Cunningham, DeVon.",lcnaf,
"Cunningham, Harry Blair, 1907-",lcnaf,
"Cunningham, Leon Max, d. 1930.",lcnaf,
"Cunningham, Sarah Jane.",lcnaf,http://id.loc.gov/authorities/names/n80051439
"Curch, H. Edmund, 1873-1962.",lcnaf,
"Curch, Nettie.",lcnaf,
"Curley, James M.",lcnaf,
"Currie, Gilbert, 1882-1960.",lcnaf,
"Currier, A. O.",lcnaf,
"Curtenius, Frederick W., 1806-1883.",lcnaf,
"Curtice, Harlow Herbert, 1893-1962.",lcnaf,http://id.loc.gov/authorities/names/n91057238
"Curtis, Austin W., 1911-",lcnaf,http://id.loc.gov/authorities/names/no2002038316
"Curtis, Carl T. (Carl Thomas), 1905-2000",lcnaf,http://id.loc.gov/authorities/names/n85057581
"Curtis, Charles, 1860-1936.",lcnaf,http://id.loc.gov/authorities/names/n89600284
"Curtis, Charles.",lcnaf,
"Curtis, Heber Doust, 1872-1942.",lcnaf,http://id.loc.gov/authorities/names/no2004050360
"Curtis, John Green, 1844-1913.",lcnaf,
"Curtis, Thomas B. (Thomas Bradford), 1911-1993",lcnaf,http://id.loc.gov/authorities/names/n85337435
"Curtis, William Eleroy, 1850-1911.",lcnaf,http://id.loc.gov/authorities/names/n88637536
"Curtis-Smith, C. (Curtis), 1941-2014",lcnaf,http://id.loc.gov/authorities/names/n84183730
"Curtiss, Mary Louise Welton.",lcnaf,
"Curtiss, Ralph Hamilton, 1880-1929.",lcnaf,http://id.loc.gov/authorities/names/no2008188997
"Curwood, James Oliver, 1878-1927.",lcnaf,http://id.loc.gov/authorities/names/n50020530
"Cushing, Caleb, 1800-1879.",lcnaf,http://id.loc.gov/authorities/names/n83800030
"Cushing, George William, 1888-1968.",lcnaf,http://id.loc.gov/authorities/names/no2010026385
"Cushing, Harvey, 1869-1939.",lcnaf,http://id.loc.gov/authorities/names/n79132482
"Cushman, Katherine Moore.",lcnaf,
"Cushny, Arthur R. (Arthur Robertson), 1866-1926.",lcnaf,http://id.loc.gov/authorities/names/n90666328
"Custer, George Armstrong, 1839-1876.",lcnaf,http://id.loc.gov/authorities/names/n79041742
"Cutcheon, Byron M., 1836-1908.",lcnaf,http://id.loc.gov/authorities/names/no95042899
"Cutcheon, Sullivan M., 1843-1900.",lcnaf,
"Cutler, Elliott Carr, 1888-1947.",lcnaf,http://id.loc.gov/authorities/names/n88110709
"Cutler, M. Rupert.",lcnaf,http://id.loc.gov/authorities/names/n87112188
"Cutler, Richard Loyd, 1925-",lcnaf,
"D'Arms, John H., 1934-",lcnaf,http://id.loc.gov/authorities/names/n80137795
"D'Ooge, Benjamin L. (Benjamin Leonard), b. 1860.",lcnaf,
"D'Ooge, Martin Luther, 1839-1915.",lcnaf,http://id.loc.gov/authorities/names/n84805969
"Dabney, Virginius, 1901-1995",lcnaf,http://id.loc.gov/authorities/names/n50041560
"Dabney, W. D.",lcnaf,
"Dahlberg, Edwin T. (Edwin Theodore), 1892-1986.",lcnaf,http://id.loc.gov/authorities/names/n86114768
"Dale, Albert Ennis, 1890-1954.",lcnaf,http://id.loc.gov/authorities/names/no2009004749
"Daley, Richard J., 1902-1976.",lcnaf,http://id.loc.gov/authorities/names/n79069953
"Dalgleish, Charles.",lcnaf,
"Daly, Arnold, 1875-1927.",lcnaf,
"Dame, Gilman Marston, 1866-1939.",lcnaf,
"Damman, James.",lcnaf,
"Dana, Henry Wadsworth Longfellow, 1881-1950.",lcnaf,http://id.loc.gov/authorities/names/n97858148
"Dana, James Dwight, 1813-1895.",lcnaf,http://id.loc.gov/authorities/names/n50055685
"Dana, John Cotton, 1856-1929.",lcnaf,http://id.loc.gov/authorities/names/n50037772
"Dana, Samuel Trask, 1883-1978",lcnaf,http://id.loc.gov/authorities/names/n79056016
"Dancy, John C. (John Campbell), 1888-1968.",lcnaf,http://id.loc.gov/authorities/names/n92054289
"Dancy, Malinda W.",lcnaf,
"Danforth, George, d. 1856.",lcnaf,
"Danforth, Percy.",lcnaf,http://id.loc.gov/authorities/names/n83066471
"Danhof, Robert.",lcnaf,
"Daniel, Clifton, 1912-2000",lcnaf,http://id.loc.gov/authorities/names/n82260640
"Daniels, Jonathan, 1902-1981",lcnaf,http://id.loc.gov/authorities/names/n50037359
"Daniels, Josephus, 1862-1948.",lcnaf,http://id.loc.gov/authorities/names/n50037360
"Darden, Colgate W. (Colgate Whitehead), 1897-1981.",lcnaf,http://id.loc.gov/authorities/names/n88059190
"Darlington, Philip Jackson, 1904-1983.",lcnaf,http://id.loc.gov/authorities/names/n79138634
"Darrow, Clarence, 1857-1938.",lcnaf,http://id.loc.gov/authorities/names/n79026987
"Darvas, Robert M.",lcnaf,
"Das, Taraknath, 1884-1958.",lcnaf,http://id.loc.gov/authorities/names/n89202668
"Daubendiek, Bertha A. (Bertha Antoine)",lcnaf,
"Daugherty, H. M. (Harry Micajah), 1860-1941.",lcnaf,http://id.loc.gov/authorities/names/n50039188
"Daugherty, Michael, 1954-",lcnaf,
"Davenny, Wilson Imbrie, 1859-1917.",lcnaf,
"Davenport, Charles Benedict, 1866-1944.",lcnaf,http://id.loc.gov/authorities/names/n83825499
"Davenport, Fred M. (Fred Marshall), 1914-1982.",lcnaf,
"Davenport, Herbert Joseph, 1861-1931.",lcnaf,http://id.loc.gov/authorities/names/no97023989
"Davenport, Horace W. (Horace Willard), 1912-2005",lcnaf,http://id.loc.gov/authorities/names/n79148968
"Davidow, Larry.",lcnaf,
"Davidow, Lawrence S.",lcnaf,
"Davidson, James Edward, 1867-",lcnaf,
"Davidson, O. C.",lcnaf,
"Davies, B. L.",lcnaf,
"Davies, Joseph Edward.",lcnaf,http://id.loc.gov/authorities/names/n85235197
"Davies, Thomas F.",lcnaf,
"Davis, Alexander Jackson, 1803-1892.",lcnaf,http://id.loc.gov/authorities/names/n80153777
"Davis, Angela Y. (Angela Yvonne), 1944-",lcnaf,http://id.loc.gov/authorities/names/n50035485
"Davis, Ann B., 1926-2014.",lcnaf,
"Davis, Calvin Olin, 1871-",lcnaf,
"Davis, Carolyne K.",lcnaf,http://id.loc.gov/authorities/names/n96800244
"Davis, Chandler.",lcnaf,
"Davis, Charles Albert, 1861-",lcnaf,http://id.loc.gov/authorities/names/n90631663
"Davis, Charles Albert, b. 1861.",lcnaf,
"Davis, Charles Moler, 1900-",lcnaf,
"Davis, David E., 1930-2011.",lcnaf,http://id.loc.gov/authorities/names/n98110499
"Davis, Dwight Filley, 1879-1945.",lcnaf,http://id.loc.gov/authorities/names/n97046482
"Davis, Ellen Regal.",lcnaf,
"Davis, Elmer Holmes, 1890-1958.",lcnaf,http://id.loc.gov/authorities/names/n50035523
"Davis, Ferdinand, b. 1840.",lcnaf,
"Davis, Frederick Dayton.",lcnaf,
"Davis, Frederick.",lcnaf,
"Davis, George.",lcnaf,
"Davis, James Edward, 1940-",lcnaf,
"Davis, James McCoy, 1914-",lcnaf,
"Davis, Jefferson, 1808-1889.",lcnaf,http://id.loc.gov/authorities/names/n79145410
"Davis, Jerome, 1891-1979",lcnaf,http://id.loc.gov/authorities/names/n89608975
"Davis, Joe Lee, 1906-1974.",lcnaf,
"Davis, Joe Lee.",lcnaf,
"Davis, John W. (John William), 1873-1955.",lcnaf,http://id.loc.gov/authorities/names/n88218900
"Davis, Joseph Baker, 1845-1920.",lcnaf,
"Davis, Kenneth P. (Kenneth Pickett), 1906-",lcnaf,http://id.loc.gov/authorities/names/n82221228
"Davis, Lorenzo, 1812-",lcnaf,
"Davis, Oscar N.",lcnaf,
"Davis, R. C. (Raymond Cazallis), b. 1836.",lcnaf,
"Davis, R. Lee, 1868-1935.",lcnaf,
"Davis, Rennie.",lcnaf,http://id.loc.gov/authorities/names/n90698127
"Davis, Thomas O.",lcnaf,
"Davis, William Franklin.",lcnaf,
"Davis, William L.",lcnaf,
"Davison, Archibald T. (Archibald Thompson), 1883-1961",lcnaf,http://id.loc.gov/authorities/names/n85064882
"Davison, Frederick Trubee, 1896-1974",lcnaf,http://id.loc.gov/authorities/names/n2001120423
"Davock, Harlow P.",lcnaf,
"Dawes, Charles Gates, 1865-1951.",lcnaf,http://id.loc.gov/authorities/names/n79032944
"Dawson, John P., 1902-1985.",lcnaf,http://id.loc.gov/authorities/names/n79122485
"Dawson, Joseph Martin, 1879-",lcnaf,http://id.loc.gov/authorities/names/n79064600
"Dawson, Percy M. (Percy Millard), 1873-",lcnaf,http://id.loc.gov/authorities/names/n85807914
"Dawson, Robert.",lcnaf,
"Dawson, Virginia Douglas.",lcnaf,http://id.loc.gov/authorities/names/no2005060054
"Dawson, William Mercer Owens, 1853-1916.",lcnaf,
"Dawson, William Ryan, 1927-",lcnaf,http://id.loc.gov/authorities/names/no98081829
"Day, Clara.",lcnaf,
"Day, D. H. (David Henry), b. 1854.",lcnaf,
"Day, Edmund Ezra, 1883-1951.",lcnaf,http://id.loc.gov/authorities/names/no96040605
"Day, Harvey S.",lcnaf,
"Day, Matthew.",lcnaf,
"Day, William R. (William Rufus), 1849-1923.",lcnaf,http://id.loc.gov/authorities/names/n86053310
"Dayan, Moshe, 1915-1981.",lcnaf,http://id.loc.gov/authorities/names/n79099011
"De Caux, Len, 1899-",lcnaf,http://id.loc.gov/authorities/names/no2004053529
"De Forest, Robert W. (Robert Weeks), 1848-1931.",lcnaf,http://id.loc.gov/authorities/names/n88609337
"De Koven, Reginald, 1859-1920.",lcnaf,http://id.loc.gov/authorities/names/n88643905
"De Kruif, Paul, 1890-1971.",lcnaf,http://id.loc.gov/authorities/names/n79079611
"De La Cruz, Jessie Lopez, 1919-",lcnaf,http://id.loc.gov/authorities/names/n79029170
"De La Vergne, Earl W.",lcnaf,
"De La Vergne, Earl W., collector.",lcnaf,
"De Lamarter, Eric, 1880-1953.",lcnaf,http://id.loc.gov/authorities/names/no93011912
"De Land, Charles V. (Charles Victor), 1826-1903.",lcnaf,http://id.loc.gov/authorities/names/no92008901
"De Leon, Ted.",lcnaf,
"De Maggio, Andrew.",lcnaf,
"De Normandie, James, 1836-1924.",lcnaf,http://id.loc.gov/authorities/names/n89602339
"De Valera, Eamonn, 1882-1975.",lcnaf,http://id.loc.gov/authorities/names/n80082592
"De Voto, Bernard Augustine, 1897-1955.",lcnaf,http://id.loc.gov/authorities/names/n50040421
"De Vries, Walter.",lcnaf,http://id.loc.gov/authorities/names/n50036797
"DeBoer, Robby, 1957-",lcnaf,http://id.loc.gov/authorities/names/n94029105
"DeFoe, Murl Holcomb, 1879-",lcnaf,
"DeGaetano, Armand L.",lcnaf,
"DeGrieck, Jerry.",lcnaf,
"DeGrow, Dan L.",lcnaf,
"DeHaan, M. R. (Martin Ralph), 1891-1965.",lcnaf,http://id.loc.gov/authorities/names/n79054923
"DeJong, Russell N.",lcnaf,http://id.loc.gov/authorities/names/n81129692
"DeKleine, William, 1877-1957.",lcnaf,
"DeLand, Charles J., 1879-",lcnaf,
"DeLano, Fred H., 1916-",lcnaf,
"DeLeon, Linda.",lcnaf,
"DeMeunier, Leon.",lcnaf,
"DeMille, Cecil B. (Cecil Blount), 1881-1959.",lcnaf,http://id.loc.gov/authorities/names/n80073529
"DeVarti, David.",lcnaf,
"DeVinney, Leland Collins, 1906-",lcnaf,
"DeWeese, Carroll.",lcnaf,
"DeWeese, Paul N.",lcnaf,
"DeWitt, Fred.",lcnaf,
"Deakin, F. W. (Frederick William), 1913-2005.",lcnaf,http://id.loc.gov/authorities/names/n50040426
"Dean, Bashford, 1867-1928.",lcnaf,http://id.loc.gov/authorities/names/n88632489
"Dean, George Arthur.",lcnaf,
"Dean, Gordon E., 1905-1958.",lcnaf,http://id.loc.gov/authorities/names/n86141190
"Dean, Henry Stewart, 1830-1915.",lcnaf,
"Dean, Walter Clark, 1898-",lcnaf,
"Dearden, John F. (John Francis), 1907-1988.",lcnaf,http://id.loc.gov/authorities/names/n90623841
"Deardorff, Neva Ruth, 1887-",lcnaf,
"Debo, Alfred.",lcnaf,
"Debs, Eugene V. (Eugene Victor), 1855-1926.",lcnaf,http://id.loc.gov/authorities/names/n50040439
"Debs, Theodore, 1864-1945.",lcnaf,http://id.loc.gov/authorities/names/n84108585
"Debye, Peter J. W. (Peter Josef William), 1884-1966",lcnaf,http://id.loc.gov/authorities/names/n85806624
"Decatur, Catherine.",lcnaf,
"Decker, Rutherford L.",lcnaf,
"Dedijer, Vladimir, 1914-1990.",lcnaf,
"Dedijer, Vladimir.",lcnaf,http://id.loc.gov/authorities/names/n50082092
"Degan, James E.",lcnaf,
"Del Mar, Eugene, 1864-1941.",lcnaf,
"Delahay, Mark W.",lcnaf,
"Deland, Margaret Wade Campbell, 1857-1945.",lcnaf,http://id.loc.gov/authorities/names/n50039020
"Delanghe, Gay.",lcnaf,http://id.loc.gov/authorities/names/n84173852
"Delano, Frederic A. (Frederic Adrian), 1863-1953.",lcnaf,
"Delano, Jack.",lcnaf,http://id.loc.gov/authorities/names/n50039039
"Delibes, Léo, 1836-1891.",lcnaf,
"Delius, Frederick, 1862-1934.",lcnaf,http://id.loc.gov/authorities/names/n79084111
"Dellinger, David T., 1915-2004.",lcnaf,http://id.loc.gov/authorities/names/n50039036
"Dellums, Ronald V., 1935-",lcnaf,http://id.loc.gov/authorities/names/n83126714
"Deming, Olcott Hawthorne, 1909-",lcnaf,
"Demmon, Isaac Newton, 1842-1920.",lcnaf,http://id.loc.gov/authorities/names/no2008189013
"Dempsey, Dave, 1957-",lcnaf,http://id.loc.gov/authorities/names/n2001002768
"Dempsey, Jack, 1895-1983.",lcnaf,http://id.loc.gov/authorities/names/n79064938
"Dempsey, John N., 1915-",lcnaf,
"Den Bleyker, Anna Balch, b. 1840.",lcnaf,
"Den Bleyker, John, b. 1839.",lcnaf,
"Den Bleyker, Martha, d. 1930.",lcnaf,
"Den Bleyker, Paulus, 1804-1872.",lcnaf,
"Denby, Charles, 1830-1904.",lcnaf,http://id.loc.gov/authorities/names/no98083494
"Denby, Edwin, 1870-1929.",lcnaf,http://id.loc.gov/authorities/names/n97046996
"Denby, Nathaniel.",lcnaf,
"Dende, Leopold.",lcnaf,
"Denham, Virginia.",lcnaf,
"Denison, Arthur Carter, b. 1861.",lcnaf,
"Denison, Charles Simeon, 1849-1913.",lcnaf,
"Denison, Cornelia Carter.",lcnaf,
"Denison, Julius Coe.",lcnaf,
"Denney, Joseph Villiers, 1862-1935.",lcnaf,http://id.loc.gov/authorities/names/no2002083732
"Dennis, Don.",lcnaf,
"Dennison, Charles H.",lcnaf,
"Dennison, David M.",lcnaf,
"Dennison, David M. (David Mathias), 1900-1976.",lcnaf,http://id.loc.gov/authorities/names/n88657401
"Dennison, Edwin W.",lcnaf,
"Dennison, Helen.",lcnaf,
"Dennison, Walter, 1869-1917.",lcnaf,http://id.loc.gov/authorities/names/nr99004150
"Denny, George Hutcheson, 1870-1955.",lcnaf,http://id.loc.gov/authorities/names/n90724883
"Densmore, Ernest Albert.",lcnaf,
"Densmore, Gail Ernest, 1894-",lcnaf,
"Denton, Samuel, 1803-1860.",lcnaf,
"Der Ling, Princess.",lcnaf,http://id.loc.gov/authorities/names/n50005213
"Derby, Orville A. (Orville Adelbert), 1851-1915.",lcnaf,http://id.loc.gov/authorities/names/n86107593
"Dern, George Henry, 1872-1936.",lcnaf,http://id.loc.gov/authorities/names/n89125984
"Dernberger, Robert F.",lcnaf,http://id.loc.gov/authorities/names/n80007953
"Dethmers, John R., 1903-1971.",lcnaf,http://id.loc.gov/authorities/names/no2009002019
"Detzer, Dorothy, 1893-1981.",lcnaf,http://id.loc.gov/authorities/names/n90661229
"Detzer, Karl, 1891-",lcnaf,
"Detzer, Karl, 1891-1987",lcnaf,http://id.loc.gov/authorities/names/no89012849
"Deutsch, Babette, 1895-1982",lcnaf,http://id.loc.gov/authorities/names/n50001653
"Dever, Harry.",lcnaf,
"Dever, Paul A. (Paul Andrew), 1903-1958",lcnaf,http://id.loc.gov/authorities/names/no2010077329
"Devitt, Joseph.",lcnaf,
"Dewey, Davis Rich, 1858-1942.",lcnaf,http://id.loc.gov/authorities/names/n80086444
"Dewey, Edmund Otis, 1861-1921.",lcnaf,
"Dewey, George, 1837-1917.",lcnaf,http://id.loc.gov/authorities/names/n50001670
"Dewey, John, 1859-1952.",lcnaf,http://id.loc.gov/authorities/names/n79060532
"Dewey, May Williams.",lcnaf,
"Dewey, Melvil, 1851-1931.",lcnaf,http://id.loc.gov/authorities/names/n79091588
"Dewey, Orville, 1794-1882.",lcnaf,http://id.loc.gov/authorities/names/n87851745
"Dewey, Thomas E. (Thomas Edmund), 1902-1971.",lcnaf,http://id.loc.gov/authorities/names/n79021469
"Deyo, Harry N., 1892-",lcnaf,
"DiSalle, Michael V. (Michael Vincent), 1908-1981",lcnaf,http://id.loc.gov/authorities/names/n93027652
"Dice, Lee Raymond, 1887-1977.",lcnaf,http://id.loc.gov/authorities/names/no2015027529
"Dickens, Charles, 1812-1870.",lcnaf,http://id.loc.gov/authorities/names/n78087607
"Dickie, Samuel, 1851-1925.",lcnaf,http://id.loc.gov/authorities/names/no97034883
"Dickinson, Donald McDonald, 1846-1917.",lcnaf,http://id.loc.gov/authorities/names/n96090166
"Dickinson, Edwin De Witt, 1887-1961.",lcnaf,http://id.loc.gov/authorities/names/no96012172
"Dickinson, Luren Dudley, 1859-1943.",lcnaf,http://id.loc.gov/authorities/names/no2008187778
"Dickinson, Robert Latou, 1861-1950",lcnaf,http://id.loc.gov/authorities/names/n85028572
"Dickinson, Seldon, 1892-1964.",lcnaf,
"Dickinson, Z. Clark (Zenas Clark), 1889-",lcnaf,
"Diefenbaker, John G., 1895-1979.",lcnaf,http://id.loc.gov/authorities/names/n50025505
"Dieffenbach, Albert C.",lcnaf,
"Diekema, Gerrit John, 1859-1930.",lcnaf,http://id.loc.gov/authorities/names/no2008183572
"Dieterle, Enoch, 1865-",lcnaf,
"Dietrich, Gertrude Levandoski.",lcnaf,
"Digaetano, Nick, 1893-",lcnaf,
"Diggs, Charles C.",lcnaf,http://id.loc.gov/authorities/names/n50025515
"Dilg, Will H.",lcnaf,
"Dilley, Robert D.",lcnaf,
"Dillinger, John, 1903-1934.",lcnaf,http://id.loc.gov/authorities/names/n82147276
"Dillman, Grover C. (Grover Cleveland), 1889-1979",lcnaf,http://id.loc.gov/authorities/names/no2009000103
"Dillon, C. Douglas (Clarence Douglas), 1909-2003",lcnaf,http://id.loc.gov/authorities/names/n86001276
"Dilorenzi, Peter.",lcnaf,
"Dingell, John D.",lcnaf,http://id.loc.gov/authorities/names/nr2006019463
"Dingell, John D. (John David), 1894-1955.",lcnaf,http://id.loc.gov/authorities/names/n92802898
"Dingell, John David, 1894-1955.",lcnaf,http://id.loc.gov/authorities/names/n92802898
"Dinkmeier, Johann Heinrich, b. 1849.",lcnaf,
"Dirksen, Everett McKinley.",lcnaf,http://id.loc.gov/authorities/names/n50025549
"Dise, J. Ivan (Joseph Ivan)",lcnaf,
"Disney, Walt, 1901-1966.",lcnaf,http://id.loc.gov/authorities/names/n78095660
"Ditchy, Clair W. (Clair William)",lcnaf,
"Ditzel, Joseph B.",lcnaf,
"Dix, Dorothea Lynde, 1802-1887.",lcnaf,http://id.loc.gov/authorities/names/n50029859
"Dix, John Alden, 1860-1928.",lcnaf,http://id.loc.gov/authorities/names/n97067698
"Dixon, Frank Haigh, 1869-1944",lcnaf,http://id.loc.gov/authorities/names/n80139282
"Dixon, Regina Brave.",lcnaf,
"Djilas, Milovan, 1911-1995.",lcnaf,http://id.loc.gov/authorities/names/n80070707
"Doan, Leland Ira, 1894-1974.",lcnaf,http://id.loc.gov/authorities/names/no2008190015
"Dobbertin, John.",lcnaf,
"Dock, George, 1860-1951",lcnaf,http://id.loc.gov/authorities/names/n85250562
"Dodd, Bella V., 1904-1969",lcnaf,http://id.loc.gov/authorities/names/no2013075060
"Dodd, Thomas J. (Thomas Joseph), 1907-1971.",lcnaf,http://id.loc.gov/authorities/names/n88179554
"Dodd, William Edward, 1869-1940.",lcnaf,http://id.loc.gov/authorities/names/n50026242
"Dodds, Harold W. (Harold Willis), 1889-1980.",lcnaf,http://id.loc.gov/authorities/names/nr93023439
"Dodero, George Anthony, 1883-1968.",lcnaf,
"Dodge, Charles Keene, 1844-1918.",lcnaf,
"Dodge, Cynthia.",lcnaf,
"Dodge, Earl Farwell, 1932-",lcnaf,
"Dodge, Henry M.",lcnaf,
"Dodge, Joseph M. (Joseph Morrell), 1890-1964.",lcnaf,http://id.loc.gov/authorities/names/n92063859
"Dodson, Helen Walter, 1905-",lcnaf,http://id.loc.gov/authorities/names/n82118576
"Doherty, James F., 1912-",lcnaf,
"Dolbear, A. E. (Amos Emerson), 1837-1910.",lcnaf,http://id.loc.gov/authorities/names/n90635143
"Dole, Nathan Haskell, 1852-1935.",lcnaf,http://id.loc.gov/authorities/names/n50027251
"Doll, Louis Wm. (Louis William), 1911-",lcnaf,http://id.loc.gov/authorities/names/n92087359
"Doll, Tracy M., 1897-",lcnaf,
"Dolph, Ray A.",lcnaf,
"Doman, Bernard A.",lcnaf,
"Domhoff, G. William.",lcnaf,http://id.loc.gov/authorities/names/n79139411
"Donabedian, Avedis, 1919-2000",lcnaf,
"Donabedian, Avedis.",lcnaf,http://id.loc.gov/authorities/names/n80051318
"Donahue, Esther.",lcnaf,
"Donahue, Thomas M.",lcnaf,http://id.loc.gov/authorities/names/n91055338
"Donahue, Wilma T. (Wilma Thompson), 1900-",lcnaf,http://id.loc.gov/authorities/names/n85389261
"Donaldson, Bruce McNaughton, 1891-1940.",lcnaf,
"Donaldson, James, Sir, 1831-1915.",lcnaf,http://id.loc.gov/authorities/names/n88680196
"Dondero, George Anthony, 1883-1968.",lcnaf,http://id.loc.gov/authorities/names/no97044504
"Doner, Mary Frances.",lcnaf,
"Donnell, Forrest C., 1884-1980",lcnaf,http://id.loc.gov/authorities/names/no2001008573
"Donnelley, Thomas Elliott, 1867-1955.",lcnaf,http://id.loc.gov/authorities/names/no2008190244
"Donnelly, Elaine Chenevert.",lcnaf,
"Donnelly, Elaine.",lcnaf,
"Donnelly, Joseph P.",lcnaf,http://id.loc.gov/authorities/names/n50026713
"Donner, Frederic G. (Frederic Garrett), 1902-1987.",lcnaf,http://id.loc.gov/authorities/names/n86111146
"Donovan, William J. (William Joseph), 1883-1959.",lcnaf,http://id.loc.gov/authorities/names/n81096091
"Dora, Henry, 1893-1977.",lcnaf,
"Dora, Lillian.",lcnaf,
"Doremus, Frank Ellsworth, 1865-1947.",lcnaf,http://id.loc.gov/authorities/names/n2003087123
"Dornetto, Dominic.",lcnaf,
"Dorr, Harold M. (Harold McVicar), b. 1897.",lcnaf,
"Dorsey, John M. (John Morris), 1900-1978",lcnaf,http://id.loc.gov/authorities/names/n79139359
"Dos Passos, John, 1896-1970.",lcnaf,http://id.loc.gov/authorities/names/n80001431
"Doubleday, Russell, 1872-1949.",lcnaf,http://id.loc.gov/authorities/names/nb99031419
"Dougherty, Edward A.",lcnaf,
"Dougherty, Peter, 1805-1894.",lcnaf,
"Dougherty, Richard M.",lcnaf,http://id.loc.gov/authorities/names/n50026965
"Douglas, Columbus C., 1812-1874.",lcnaf,
"Douglas, Emily.",lcnaf,
"Douglas, Lewis W. (Lewis Williams), 1894-1974",lcnaf,http://id.loc.gov/authorities/names/n85334262
"Douglas, Lloyd C. (Lloyd Cassel), 1877-1951.",lcnaf,http://id.loc.gov/authorities/names/n85335454
"Douglas, Marie Louise.",lcnaf,
"Douglas, Paul H. (Paul Howard), 1892-1976",lcnaf,http://id.loc.gov/authorities/names/n50027506
"Douglas, Samuel Townsend, 1853-1932.",lcnaf,
"Douglas, Silas H. (Silas Hamilton), 1816-1890.",lcnaf,
"Douglas, William O. (William Orville), 1898-1980.",lcnaf,http://id.loc.gov/authorities/names/n79041741
"Douglass, Benjamin.",lcnaf,
"Douglass, Frederick, 1818-1895.",lcnaf,http://id.loc.gov/authorities/names/n80013236
"Douglass, Henry Woolsey.",lcnaf,
"Douglass, Joseph.",lcnaf,
"Douglass, Martha Matilda Nellis.",lcnaf,
"Douglass, Samuel Townsend, 1814-1898.",lcnaf,http://id.loc.gov/authorities/names/no00080553
"Doull, James Angus, 1889-1963.",lcnaf,http://id.loc.gov/authorities/names/no2005072683
"Douma, Frank W., 1893-1976.",lcnaf,
"Doumanian, Tatos.",lcnaf,
"Douvan, Elizabeth Ann Malcolm, 1926-",lcnaf,
"Dow, Alden B., 1904-1983",lcnaf,http://id.loc.gov/authorities/names/n83044046
"Dow, Earle Wilbur, 1868-1946.",lcnaf,http://id.loc.gov/authorities/names/no2002097291
"Dow, Herbert Henry, 1866-1930.",lcnaf,http://id.loc.gov/authorities/names/n83173677
"Dow, Neal, 1804-1897.",lcnaf,http://id.loc.gov/authorities/names/n85158243
"Dow, William G. (William Gould), 1895-",lcnaf,
"Dow, William G. (William Gould), 1895-1999",lcnaf,http://id.loc.gov/authorities/names/nr93013151
"Downes, John, 1784-1854.",lcnaf,http://id.loc.gov/authorities/names/nr2001012250
"Downey, John.",lcnaf,
"Downey, Sheridan.",lcnaf,
"Downs, Tom, 1916-",lcnaf,http://id.loc.gov/authorities/names/n91056684
"Doyle, Edward H., 1849-1919.",lcnaf,
"Doyle, Patrick J.",lcnaf,http://id.loc.gov/authorities/names/n82024570
"Doyle, William F.",lcnaf,
"Drake, G. Claude.",lcnaf,
"Drake, Joseph H. (Joseph Horace), 1860-1947.",lcnaf,http://id.loc.gov/authorities/names/no2002091574
"Drake, Ludlum C.",lcnaf,
"Drake, Margaret.",lcnaf,
"Drake, Richard L.",lcnaf,
"Dreier, Edward.",lcnaf,
"Dreiser, Theodore, 1871-1945.",lcnaf,http://id.loc.gov/authorities/names/n79046644
"Dresser, Horatio W. (Horatio Willis), b. 1866.",lcnaf,
"Drew, Walter, 1873-1961.",lcnaf,http://id.loc.gov/authorities/names/n94082859
"Dreyfuss, Allan L., 1919-2011.",lcnaf,
"Dreyfuss, Marion.",lcnaf,
"Driggs, John F., 1813-1877.",lcnaf,
"Driggs, William S.",lcnaf,
"Drinan, Rhonda.",lcnaf,
"Driscoll, John.",lcnaf,
"Drooker, Penelope B.",lcnaf,http://id.loc.gov/authorities/names/n78034948
"Drummond, James, 1835-1924.",lcnaf,
"Drury, Newton B., 1889-",lcnaf,
"Du Bois, W. E. B. (William Edward Burghardt), 1868-1963.",lcnaf,http://id.loc.gov/authorities/names/n80046721
"DuBois, David Graham.",lcnaf,
"DuPont, Pierre Samuel, 1935-",lcnaf,
"Dubina, Nestor.",lcnaf,
"Dubois, Elizabeth E.",lcnaf,
"Dubrow, Evelyn.",lcnaf,
"Duderstadt, James J., 1942-",lcnaf,http://id.loc.gov/authorities/names/n81055160
"Dudley, Adolphus Mansfield, 1877-",lcnaf,
"Dudley, James Benson, 1859-1925.",lcnaf,
"Duell, Elizabeth.",lcnaf,
"Duey, Philip A., d. 1982.",lcnaf,
"Duff, Ivan F. (1915-1994)",lcnaf,
"Duff, Ivan Francis, 1915-",lcnaf,
"Duff, James H. (James Henderson), 1883-1969.",lcnaf,http://id.loc.gov/authorities/names/n87870912
"Duff, Lela.",lcnaf,
"Duff, Robert A.",lcnaf,
"Duffield, D. Bethune (Divie Bethune), 1821-1891.",lcnaf,http://id.loc.gov/authorities/names/n85158253
"Duffield, George, 1794-1868.",lcnaf,http://id.loc.gov/authorities/names/n90634153
"Duffield, Henry Martyn, 1842-1912.",lcnaf,http://id.loc.gov/authorities/names/no2008189009
"Duffy, Yvonne.",lcnaf,http://id.loc.gov/authorities/names/n82026404
"Duink, Harry.",lcnaf,
"Dukakis, Michael S. (Michael Stanley), 1933-",lcnaf,http://id.loc.gov/authorities/names/n80011660
"Duke, Angier Biddle, 1915-1995",lcnaf,http://id.loc.gov/authorities/names/n98054708
"Duke, Kevin.",lcnaf,http://id.loc.gov/authorities/names/n89629161
"Duley, Margot I.",lcnaf,http://id.loc.gov/authorities/names/n83162430
"Dulles, Allen Welsh, 1893-1969.",lcnaf,http://id.loc.gov/authorities/names/n50030555
"Dulles, John Foster, 1888-1959.",lcnaf,http://id.loc.gov/authorities/names/n50030526
"Dumas, Rhetaugh.",lcnaf,
"Dumesnil, Maurice, 1886-1974.",lcnaf,http://id.loc.gov/authorities/names/no88000701
"Dumond, Dwight Lowell, 1895-",lcnaf,
"Dumond, Dwight Lowell, 1895-1976",lcnaf,http://id.loc.gov/authorities/names/n80025910
"Dunbar, Daphne.",lcnaf,
"Dunbar, Willis Frederick, 1902-1970",lcnaf,http://id.loc.gov/authorities/names/n79081321
"Duncan, Todd.",lcnaf,http://id.loc.gov/authorities/names/nr90001267
"Dunckel, Miller Lewis, 1899-",lcnaf,
"Dundon, Walter F., 1890-",lcnaf,
"Dundonald, Thomas Cochrane, Earl of, 1775-1860.",lcnaf,http://id.loc.gov/authorities/names/n50054509
"Dunford, Edward B. (Edward Bradstreet), 1890-1966",lcnaf,http://id.loc.gov/authorities/names/no2011007194
"Dunham, Arthur, 1893-",lcnaf,http://id.loc.gov/authorities/names/n82006311
"Dunham, Arthur.",lcnaf,
"Dunham, Elizabeth Reed.",lcnaf,
"Dunham, Esther.",lcnaf,
"Dunham, Franklin, 1892-",lcnaf,http://id.loc.gov/authorities/names/no2003084987
"Dunham, Fred Sylvester.",lcnaf,
"Dunham, Nelson, 1803-1866.",lcnaf,
"Dunham, Ruth.",lcnaf,
"Dunham, Theodore J., 1897-",lcnaf,
"Dunker, Stephen.",lcnaf,http://id.loc.gov/authorities/names/n93032409
"Dunmore, Al.",lcnaf,
"Dunn, Cyrena Emery, 1824-1896.",lcnaf,
"Dunn, Emmett Reid, 1894-1956.",lcnaf,http://id.loc.gov/authorities/names/no2010068034
"Dunn, Francis Wayland, 1843-1874.",lcnaf,
"Dunn, Gerald R.",lcnaf,
"Dunn, Jacob Piatt, 1855-1924.",lcnaf,http://id.loc.gov/authorities/names/n80019572
"Dunn, John.",lcnaf,
"Dunn, Nettie.",lcnaf,
"Dunn, Newell Ransom, 1841-1863.",lcnaf,
"Dunn, Ransom, 1818-1900.",lcnaf,
"Dunne, Jim, 1931-",lcnaf,http://id.loc.gov/authorities/names/n77014671
"Dunnigan, James P.",lcnaf,
"Dunning, William Archibald, 1857-1922.",lcnaf,http://id.loc.gov/authorities/names/n50029745
"Dunsany, Edward John Moreton Drax Plunkett, Baron, 1878-1957.",lcnaf,http://id.loc.gov/authorities/names/n80005394
"Dunster, Edward Swift, 1834-1888.",lcnaf,http://id.loc.gov/authorities/names/nr00019321
"Durand, Edward Dana, b. 1871.",lcnaf,
"Durant, Richard.",lcnaf,
"Durant, Will, 1885-1981.",lcnaf,http://id.loc.gov/authorities/names/n50029771
"Durant, William Crapo, 1861-1947.",lcnaf,http://id.loc.gov/authorities/names/n79138572
"Durfee, Edgar N. (Edgar Noble), 1882-",lcnaf,http://id.loc.gov/authorities/names/no99009058
"Durfee, Edgar Noble, 1882-1952.",lcnaf,
"Durfee, Edgar, 1882-1958.",lcnaf,
"Duryea, Charles E., 1861-1938.",lcnaf,http://id.loc.gov/authorities/names/n85062659
"Dustin, Fred, 1866-",lcnaf,http://id.loc.gov/authorities/names/n85244332
"Dutcher, William, 1846-1920.",lcnaf,http://id.loc.gov/authorities/names/no97047441
"Dutton, Samuel Train, 1849-1919.",lcnaf,http://id.loc.gov/authorities/names/n90667888
"Duty, Charles L.",lcnaf,
"Dvorák, Antonin, 1841-1904.",lcnaf,
"Dwyer, John W. (John William), b. 1865.",lcnaf,
"Dykema, James.",lcnaf,
"Dykema, Peter W. (Peter William), 1873-1951.",lcnaf,http://id.loc.gov/authorities/names/no90014271
"Dávila, Carlos G., 1887-1955.",lcnaf,
"Díaz, Porfirio, 1830-1915.",lcnaf,
"Eakins, Thomas, 1844-1916.",lcnaf,http://id.loc.gov/authorities/names/n80061185
"Earhart, Amelia, 1897-1937.",lcnaf,http://id.loc.gov/authorities/names/n50000654
"Earhart, Will.",lcnaf,http://id.loc.gov/authorities/names/nr89008677
"Earle, Clifford.",lcnaf,
"Earle, Franklin Sumner, 1856-1929.",lcnaf,http://id.loc.gov/authorities/names/no2009111454
"Earle, G. Harold.",lcnaf,
"Earle, Horatio Sawyer, 1855-1935.",lcnaf,
"Early, John C. (John Chrysostom), 1878-1932.",lcnaf,
"Early, Stephen.",lcnaf,
"Early, Willa R. (Willa Rhodes), 1883-",lcnaf,
"Easlick, Kenneth A. (Kenneth Alexander), 1893-1979.",lcnaf,
"East, Ben.",lcnaf,
"Eastburn, Isaac M.",lcnaf,
"Eastman, Crystal, 1881-1928.",lcnaf,http://id.loc.gov/authorities/names/n91032403
"Eastman, John Coates, 1862-1925.",lcnaf,
"Eastman, Max, 1883-1969.",lcnaf,http://id.loc.gov/authorities/names/n50024420
"Easton, Emily.",lcnaf,http://id.loc.gov/authorities/names/no00086545
"Eaton, Amasa M. (Amasa Mason), 1841-1914.",lcnaf,http://id.loc.gov/authorities/names/n88070810
"Eaton, Cyrus Stephen, 1883-",lcnaf,
"Eaton, John Wallace, 1886-1948.",lcnaf,
"Eaton, Leonard K.",lcnaf,http://id.loc.gov/authorities/names/n87844998
"Eaton, Leonard K., 1922-",lcnaf,
"Eaton, Lily W.",lcnaf,
"Eberbach, Linda.",lcnaf,
"Eberharter, Herman Peter, 1892-1958.",lcnaf,http://id.loc.gov/authorities/names/no2009003215
"Eccles, Marriner S. (Marriner Stoddard), 1890-1977.",lcnaf,http://id.loc.gov/authorities/names/n90679089
"Eckart, Carl, 1902-1973",lcnaf,http://id.loc.gov/authorities/names/n86873209
"Eckert, Bob.",lcnaf,http://id.loc.gov/authorities/names/no2001062192
"Eckert, Otto E., 1890-",lcnaf,
"Eckstein, Alexander, 1915-",lcnaf,
"Eckstein, Alexander, 1915-1976",lcnaf,http://id.loc.gov/authorities/names/n79088971
"Eckstein, Ruth.",lcnaf,
"Edades, Jean G.",lcnaf,http://id.loc.gov/authorities/names/n84153831
"Edades, Victorio C., 1895-",lcnaf,http://id.loc.gov/authorities/names/n82044122
"Eddy, Gerald E. (Gerald Ernest), 1907-1977",lcnaf,http://id.loc.gov/authorities/names/n90622213
"Eddy, Robert M.",lcnaf,
"Eddy, Sherwood, 1871-1963.",lcnaf,http://id.loc.gov/authorities/names/n50051668
"Eden, Anthony, Earl of Avon, 1897-1977.",lcnaf,http://id.loc.gov/authorities/names/n79045376
"Edge, Laura A.",lcnaf,
"Edgell, George Harold, 1887-1954",lcnaf,http://id.loc.gov/authorities/names/n2002017421
"Edington, D. W., 1937-",lcnaf,http://id.loc.gov/authorities/names/n82237954
"Edison, Mary Stilwell.",lcnaf,
"Edison, Thomas A. (Thomas Alva), 1847-1931.",lcnaf,http://id.loc.gov/authorities/names/n80126308
"Edmonds, S. Emma E. (Sarah Emma Evelyn), 1841-1898.",lcnaf,http://id.loc.gov/authorities/names/n84000898
"Edmondson, Frank K. (Frank Kelly), 1912-",lcnaf,http://id.loc.gov/authorities/names/n96089993
"Edmonson, James Bartlett, 1882-1954.",lcnaf,
"Edmonson, Robert Edward.",lcnaf,
"Edmunds, J. M. (James Madison), 1810-1879.",lcnaf,http://id.loc.gov/authorities/names/no93003179
"Edmunds, Newton.",lcnaf,http://id.loc.gov/authorities/names/nb97088058
"Edwards, Alfred L.",lcnaf,http://id.loc.gov/authorities/names/n80125434
"Edwards, Ann, d. 1962.",lcnaf,
"Edwards, Billie Louise, 1947-1995.",lcnaf,
"Edwards, Esther.",lcnaf,
"Edwards, George, 1914-",lcnaf,http://id.loc.gov/authorities/names/n78001406
"Edwards, Harry T.",lcnaf,
"Edwards, India.",lcnaf,http://id.loc.gov/authorities/names/n91015908
"Edwards, J. Edgar (Joseph Edgar), 1909-1973.",lcnaf,
"Edwards, William J.",lcnaf,
"Eerdmans, William B.",lcnaf,
"Effinger, John Robert, 1869-1933.",lcnaf,http://id.loc.gov/authorities/names/no2007084988
"Efromoff, G.",lcnaf,
"Egan, Patrick.",lcnaf,
"Eggan, Fred, 1906-1991",lcnaf,http://id.loc.gov/authorities/names/n50030235
"Eggert, Carl Edgar, 1868-1944",lcnaf,http://id.loc.gov/authorities/names/n2013064058
"Eggertsen, Claude A. (Claude Andrew), 1909-",lcnaf,http://id.loc.gov/authorities/names/n86820120
"Eggleston, Arthur Francis, 1890-",lcnaf,
"Ehlers, John Henry.",lcnaf,
"Ehlers, John, Mrs.",lcnaf,
"Ehnis, Leroy.",lcnaf,
"Ehrenfest, Paul, 1880-1933.",lcnaf,http://id.loc.gov/authorities/names/n83826301
"Ehrlich, Paul, 1854-1915.",lcnaf,http://id.loc.gov/authorities/names/n83164445
"Ehrling, Sixten.",lcnaf,http://id.loc.gov/authorities/names/n81146903
"Ehrmann, Howard M. (Howard Meredith), 1898-1989",lcnaf,http://id.loc.gov/authorities/names/no2006017183
"Ehrmann, Howard Meredith, 1898-",lcnaf,
"Eibler, John.",lcnaf,
"Eigenmann, Carl H., 1863-1927.",lcnaf,http://id.loc.gov/authorities/names/n89609744
"Einstein, Albert, 1879-1955.",lcnaf,http://id.loc.gov/authorities/names/n79022889
"Eisenhower, Dwight D. (Dwight David), 1890-1969.",lcnaf,http://id.loc.gov/authorities/names/n79066408
"Eisenhower, Edgar, 1889-1971",lcnaf,http://id.loc.gov/authorities/names/n99271150
"Eisenhower, Milton Stover, 1899-1985",lcnaf,http://id.loc.gov/authorities/names/n50031728
"Elahi, Mohammad Ali.",lcnaf,http://id.loc.gov/authorities/names/n97064753
"Elbel, Louis.",lcnaf,http://id.loc.gov/authorities/names/n89656331
"Eldering, Grace, 1900-",lcnaf,
"Eldersveld, Samuel James.",lcnaf,http://id.loc.gov/authorities/names/n80112971
"Eldon, John.",lcnaf,
"Eldred, Foss Oscar, 1884-",lcnaf,
"Eldred, Mary.",lcnaf,
"Eldridge, James B.",lcnaf,
"Eldridge, Robert P., d. 1884.",lcnaf,
"Eley, Lynn W.",lcnaf,
"Eliasohn, Jack, 1908-",lcnaf,
"Eliot, Charles William, 1834-1926.",lcnaf,http://id.loc.gov/authorities/names/n50012099
"Eliot, Frederick May, 1889-1958.",lcnaf,http://id.loc.gov/authorities/names/n91034501
"Eliot, Samuel Atkins, 1862-1950.",lcnaf,http://id.loc.gov/authorities/names/no93021653
"Eliot, Sonny.",lcnaf,
"Eliot, T. S. (Thomas Stearns), 1888-1965.",lcnaf,http://id.loc.gov/authorities/names/n79006870
"Eliot, Thomas H. (Thomas Hopkinson), 1907-1991",lcnaf,http://id.loc.gov/authorities/names/n80084532
"Elizabeth II, Queen of Great Britain, 1926-",lcnaf,
"Elkins, Stephen B. (Stephen Benton), 1841-1911.",lcnaf,http://id.loc.gov/authorities/names/n95110554
"Elkuss, Mary, 1915-",lcnaf,
"Ellington, Duke, 1899-1974.",lcnaf,http://id.loc.gov/authorities/names/n50080187
"Elliot, Daniel Giraud, 1835-1915.",lcnaf,http://id.loc.gov/authorities/names/n79117154
"Elliot, Raymond.",lcnaf,
"Elliott, Arthur G., 1916-",lcnaf,
"Elliott, Edward C. (Edward Charles), 1874-1960.",lcnaf,http://id.loc.gov/authorities/names/n85026318
"Elliott, Eugene Bradley, 1896-",lcnaf,
"Elliott, Margaret, 1891-1978.",lcnaf,
"Ellis, George Edwin, 1864-",lcnaf,
"Ellis, J. Edwin.",lcnaf,
"Ellis, Ruth, 1899-2000.",lcnaf,http://id.loc.gov/authorities/names/nr2002021789
"Ellison, Ralph.",lcnaf,http://id.loc.gov/authorities/names/n50010027
"Ellrick, Charles Burke, 1908-",lcnaf,
"Ellsworth, Mary.",lcnaf,
"Ellsworth, Robert.",lcnaf,
"Elms, Patrice I., 1943-",lcnaf,
"Elmslie, George Grant, 1871-1952.",lcnaf,http://id.loc.gov/authorities/names/n82087728
"Else, Gerald Frank, 1908-1982",lcnaf,http://id.loc.gov/authorities/names/n50008809
"Elson, William Harris, 1856-1935.",lcnaf,http://id.loc.gov/authorities/names/no2003010676
"Elving, Philip Juliber, 1913-",lcnaf,http://id.loc.gov/authorities/names/n79033067
"Elwood, Isaac Newton, 1843-1887.",lcnaf,
"Ely, Richard Theodore, 1854-1943.",lcnaf,http://id.loc.gov/authorities/names/n50043336
"Emery, A. G.",lcnaf,
"Emery, James A. (James Augustan), 1876-1955.",lcnaf,http://id.loc.gov/authorities/names/nr94002810
"Emery, John Garfield, 1881-",lcnaf,
"Emmerich, Hugo.",lcnaf,
"Emmons, H. H. (Harry H.)",lcnaf,http://id.loc.gov/authorities/names/n79103946
"Emrich, Richard S. M. (Richard Stanley Merrill), 1910-",lcnaf,http://id.loc.gov/authorities/names/n85347137
"Encke, L. C.",lcnaf,
"Engel, Albert Joseph, 1888-1959.",lcnaf,http://id.loc.gov/authorities/names/no2008189967
"Engel, Albert Joseph, 1924-",lcnaf,http://id.loc.gov/authorities/names/no2008189976
"Engel, Leonard, 1916-1964.",lcnaf,http://id.loc.gov/authorities/names/n50010380
"Engle, Glenn.",lcnaf,
"Engle, Paul, 1908-1991",lcnaf,http://id.loc.gov/authorities/names/n79084424
"Engler, Coleen.",lcnaf,
"Engler, John, 1948-",lcnaf,http://id.loc.gov/authorities/names/n91103937
"Engler, Karl, 1842-1925.",lcnaf,
"Engler, Michelle.",lcnaf,
"English, Albert D., 1862-",lcnaf,
"English, Colin.",lcnaf,
"English, Richard A.",lcnaf,
"Engstrom, Arnell, 1897-1970.",lcnaf,
"Ensign, Arselia Sehler.",lcnaf,
"Epstein, Abraham, 1892-1942.",lcnaf,http://id.loc.gov/authorities/names/n50010002
"Epstein, Brian, 1934-1967.",lcnaf,http://id.loc.gov/authorities/names/n86858485
"Epstein, Henrietta.",lcnaf,
"Erhard, Ludwig.",lcnaf,http://id.loc.gov/authorities/names/n50053242
"Ericksen, Stanford C. (Stanford Clark), 1911-",lcnaf,http://id.loc.gov/authorities/names/n84044085
"Erlanger, Joseph, 1874-1965.",lcnaf,http://id.loc.gov/authorities/names/n89663701
"Erskine, Graves Blanchard, 1897-1973.",lcnaf,http://id.loc.gov/authorities/names/no2006082229
"Erskine, John, 1879-1951.",lcnaf,http://id.loc.gov/authorities/names/n50012296
"Ervin, Sam J. (Sam James), 1896-1985.",lcnaf,http://id.loc.gov/authorities/names/n50008970
"Erwin, Henry Parsons, 1881-1953.",lcnaf,
"Esch, Marvin Lionel, 1927-",lcnaf,
"Eschelbach, Al.",lcnaf,
"Espie, John P., 1881-1949.",lcnaf,
"Essig, Edith.",lcnaf,
"Estabrook, Joseph, 1820-1894.",lcnaf,
"Estep, Samuel D.",lcnaf,
"Ettinghausen, Richard.",lcnaf,http://id.loc.gov/authorities/names/n79056000
"Euler, Hans von, 1873-1964.",lcnaf,http://id.loc.gov/authorities/names/n83827216
"Evans, Abi.",lcnaf,
"Evans, Bergen, 1904-1978",lcnaf,http://id.loc.gov/authorities/names/n50009000
"Evans, Charles, 1850-1935.",lcnaf,http://id.loc.gov/authorities/names/n50009001
"Evans, Daniel J., 1925-",lcnaf,http://id.loc.gov/authorities/names/n86141422
"Evans, David G.",lcnaf,
"Evans, David S.",lcnaf,
"Evans, E. P. (Edward Payson), 1831-1917.",lcnaf,http://id.loc.gov/authorities/names/n90682762
"Evans, Elizabeth Edson Gibson, 1832-1911.",lcnaf,http://id.loc.gov/authorities/names/n98073608
"Evans, Elizabeth Glendower, 1856-1937.",lcnaf,http://id.loc.gov/authorities/names/no90015988
"Evans, John Wainwright, 1909-",lcnaf,
"Evans, Maurice.",lcnaf,
"Evans, Ruth.",lcnaf,
"Evans, Thomas.",lcnaf,
"Evarts, William Maxwell, 1818-1901.",lcnaf,http://id.loc.gov/authorities/names/n84124640
"Eveleth, William S., d. 1818.",lcnaf,
"Everett, Alexander Hill, 1790-1847.",lcnaf,http://id.loc.gov/authorities/names/n50009165
"Everett, Charles Carroll, 1829-1900.",lcnaf,http://id.loc.gov/authorities/names/n87127892
"Everett, Edward, 1794-1865.",lcnaf,http://id.loc.gov/authorities/names/n85158370
"Everett, Franklin.",lcnaf,
"Ewald, Henry Theodore, 1885-1953.",lcnaf,
"Ewald, Paul Peter, 1888-1985",lcnaf,http://id.loc.gov/authorities/names/n80162637
"Ewell, Marshall Davis, 1844-1928.",lcnaf,http://id.loc.gov/authorities/names/n81090116
"Ewing, Thomas, 1789-1871.",lcnaf,http://id.loc.gov/authorities/names/n89621219
"Eynon, Bret.",lcnaf,
"Ezechiel, Mordecai Joseph Brill, 1899-",lcnaf,
"Faber, E.",lcnaf,
"Faeth, G. M. (Gerard M.)",lcnaf,
"Fagan, Myron C. (Myron Coureval), b. 1887.",lcnaf,
"Fagen, Frank, 1909-",lcnaf,
"Fagnani, Charles Prospero, 1854-1940.",lcnaf,
"Fagon, Myron.",lcnaf,
"Fairbanks, Avard T. (Avard Tennyson), 1897-1987.",lcnaf,http://id.loc.gov/authorities/names/n85185999
"Fairbanks, Charles W. (Charles Warren), 1852-1918.",lcnaf,http://id.loc.gov/authorities/names/n86114870
"Fairchild, David, 1869-1954.",lcnaf,http://id.loc.gov/authorities/names/n85335475
"Fairchild, Fred Rogers, 1877-1966.",lcnaf,http://id.loc.gov/authorities/names/n88222553
"Fairchild, G. B.",lcnaf,http://id.loc.gov/authorities/names/n82232653
"Fairchild, Henry Pratt, 1880-1956.",lcnaf,http://id.loc.gov/authorities/names/n87896896
"Fairchild, Marian H.",lcnaf,
"Fairclough, Ellen Louks.",lcnaf,http://id.loc.gov/authorities/names/no96007610
"Fairfield, Edmund B. (Edmund Burke), 1821-1904.",lcnaf,
"Fairlie, John A. (John Archibald), 1872-1947.",lcnaf,http://id.loc.gov/authorities/names/n85239197
"Fairman, James F., (James Ferdinand), 1896-1967.",lcnaf,http://id.loc.gov/authorities/names/no2010155061
"Fajans, Kasimir, 1887-",lcnaf,
"Fajans, Kasimir, 1887-1975.",lcnaf,http://id.loc.gov/authorities/names/n85035075
"Fajans, Stefan S.",lcnaf,http://id.loc.gov/authorities/names/no2005104141
"Fall, Delos, 1848-1921.",lcnaf,http://id.loc.gov/authorities/names/no2008118997
"Falls, Philomena.",lcnaf,http://id.loc.gov/authorities/names/n84167801
"Fanget, Louis A.",lcnaf,
"Fangio, Juan Manuel, 1911-1995",lcnaf,http://id.loc.gov/authorities/names/n86078072
"Fargo, Judy Carole.",lcnaf,
"Fargo, William G., 1867-1957.",lcnaf,
"Farley, James A. (James Aloysius), 1888-1976.",lcnaf,http://id.loc.gov/authorities/names/n79135041
"Farnsley, Charles Roland Peaslee, 1907-",lcnaf,
"Farnum, Billie S. (Billie Sunday), 1916-",lcnaf,
"Farrand, Livingston, 1867-1939.",lcnaf,http://id.loc.gov/authorities/names/n89657991
"Farrand, Max, 1869-1945.",lcnaf,http://id.loc.gov/authorities/names/n87901667
"Farrar, Geraldine, 1882-1967.",lcnaf,http://id.loc.gov/authorities/names/n81090616
"Farrar, John Chipman, 1896-1974",lcnaf,http://id.loc.gov/authorities/names/n50011929
"Farrar, Judson S.",lcnaf,
"Farrell, Charles H., 1873-",lcnaf,
"Farrell, Lawrence Llewellyn, 1903-1971.",lcnaf,
"Farrell, Margaret C. Taylor.",lcnaf,
"Farrell, Thomas M.",lcnaf,
"Farrington, Joseph R. (Joseph Rider), 1897-1954",lcnaf,http://id.loc.gov/authorities/names/no2001084062
"Fast, Howard, 1914-2003.",lcnaf,http://id.loc.gov/authorities/names/n79043401
"Faubus, Orval Eugene, 1910-1994",lcnaf,http://id.loc.gov/authorities/names/n88297343
"Faulkner, Barry, 1881-1966.",lcnaf,http://id.loc.gov/authorities/names/n93122929
"Faulkner, Harold Underwood, 1890-1968.",lcnaf,http://id.loc.gov/authorities/names/n50000285
"Faupel, Marian L.",lcnaf,
"Fauri, Fedele Frederick, 1909-",lcnaf,
"Fauri, Federle Frederick, 1909-1981.",lcnaf,
"Favorite, William P. (William Perrin), 1898-1982.",lcnaf,
"Favorite, William P. (William Perrin), 1898-1992.",lcnaf,
"Fay, Minnie C. M., collector.",lcnaf,
"Fayz, Allie.",lcnaf,
"Fead, Louis H., 1877-1943.",lcnaf,http://id.loc.gov/authorities/names/no2009002289
"Featherman, David L.",lcnaf,http://id.loc.gov/authorities/names/n50001001
"Featherstone, Arthur.",lcnaf,
"Fecker, J. W.",lcnaf,
"Feddersen, Christian T.",lcnaf,
"Federbush, Marcia.",lcnaf,
"Fehling, Edward William, 1880-",lcnaf,
"Feikens, John, 1917-2011",lcnaf,http://id.loc.gov/authorities/names/no2009000079
"Feingold, Eugene N.",lcnaf,
"Feinstein, Otto, 1930-",lcnaf,http://id.loc.gov/authorities/names/n50003384
"Felch, Alpheus, 1804-1896.",lcnaf,http://id.loc.gov/authorities/names/n85158203
"Felch, Caroline.",lcnaf,
"Felch, Lucretia, d. 1882.",lcnaf,
"Felch, Theodore A., b. 1847.",lcnaf,
"Feldman, Richard.",lcnaf,
"Felipe, F.",lcnaf,
"Felix, Robert Hanna, 1904-",lcnaf,http://id.loc.gov/authorities/names/no2004006196
"Felker, Clay.",lcnaf,http://id.loc.gov/authorities/names/n00041042
"Fellers, Bonner Frank, 1896-1973.",lcnaf,http://id.loc.gov/authorities/names/n93026264
"Fellin, Phillip.",lcnaf,http://id.loc.gov/authorities/names/n50001112
"Fellows, Grant, 1865-1929.",lcnaf,http://id.loc.gov/authorities/names/no2008186658
"Fenlon, Edward H.",lcnaf,
"Fennell, Frederick.",lcnaf,http://id.loc.gov/authorities/names/n81016940
"Fenton, William M., 1808-1871.",lcnaf,
"Ferber, Edna, 1887-1968.",lcnaf,http://id.loc.gov/authorities/names/n79077439
"Ferency, Zolton A., 1922-1993",lcnaf,http://id.loc.gov/authorities/names/no2009000067
"Ferguson, Alfred Lynn, b. 1884.",lcnaf,
"Ferguson, Charles W. (Charles Wright), 1901-1987.",lcnaf,http://id.loc.gov/authorities/names/n50026899
"Ferguson, Homer, 1888-1982.",lcnaf,http://id.loc.gov/authorities/names/n94123289
"Ferguson, Homer, 1889-1982.",lcnaf,
"Ferguson, John W.",lcnaf,
"Ferguson, Myrtle.",lcnaf,http://id.loc.gov/authorities/names/n93069611
"Ferguson, William P. F. (William Porter Frisbee), b. 1861.",lcnaf,
"Fermi, Enrico, 1901-1954.",lcnaf,http://id.loc.gov/authorities/names/n50026886
"Fern, George Henry, 1897-",lcnaf,http://id.loc.gov/authorities/names/no98084833
"Ferraro, Geraldine.",lcnaf,http://id.loc.gov/authorities/names/n81052939
"Ferrazza, Jess, 1916-",lcnaf,
"Ferris, Joseph.",lcnaf,
"Ferris, Woodbridge N., 1853-1928.",lcnaf,http://id.loc.gov/authorities/names/n96085441
"Ferris, Woodbridge Nathan, 1853-1928.",lcnaf,
"Ferriss, James H. (James Henry), 1849-1926.",lcnaf,
"Ferry, Amanda White.",lcnaf,
"Ferry, Dexter Mason, 1833-1907.",lcnaf,
"Ferry, Dexter Mason, 1872-1959.",lcnaf,
"Ferry, Thomas White, 1827-1896.",lcnaf,http://id.loc.gov/authorities/names/no97068089
"Ferry, William Montague, 1796-1867.",lcnaf,http://id.loc.gov/authorities/names/nr96044864
"Ferry, William Montague, 1824-1905.",lcnaf,http://id.loc.gov/authorities/names/no2011131243
"Fese, Marie.",lcnaf,
"Fess, Simeon D. (Simeon Davidson), 1861-1936.",lcnaf,http://id.loc.gov/authorities/names/n91080582
"Festinger, Leon, 1919-",lcnaf,
"Festinger, Leon, 1919-1989",lcnaf,http://id.loc.gov/authorities/names/n80013477
"Fetter, Frank A. (Frank Albert), 1863-1949.",lcnaf,http://id.loc.gov/authorities/names/nr92006822
"Feuerwerker, Albert.",lcnaf,http://id.loc.gov/authorities/names/n50001232
"Fey, Charles.",lcnaf,
"Fey, Harold E. (Harold Edward), 1898-1990",lcnaf,http://id.loc.gov/authorities/names/n82028403
"Fiekers, Bernard A., 1906-1973.",lcnaf,
"Field, Abby, 1844-1901.",lcnaf,
"Field, David Dudley, 1805-1894.",lcnaf,http://id.loc.gov/authorities/names/n85319057
"Field, George, 1904-",lcnaf,
"Field, Howard A.",lcnaf,
"Field, Moses W., 1828-1889.",lcnaf,http://id.loc.gov/authorities/names/no2013128940
"Field, Oliver Peter, 1897-1953.",lcnaf,http://id.loc.gov/authorities/names/no92021426
"Field, Sylvester.",lcnaf,
"Fields, Edward R.",lcnaf,http://id.loc.gov/authorities/names/no00087571
"Fife, Robert Herndon, 1871-1958.",lcnaf,http://id.loc.gov/authorities/names/n87114479
"Fillmore, Millard, 1800-1874.",lcnaf,http://id.loc.gov/authorities/names/n50029300
"Findley, Paul, 1921-",lcnaf,http://id.loc.gov/authorities/names/n79054252
"Fine, Sidney, 1920-",lcnaf,http://id.loc.gov/authorities/names/n50005149
"Fine, Sidney, 1920- collector.",lcnaf,
"Finerman, Aaron.",lcnaf,
"Fink, George Rupert, 1886-",lcnaf,
"Finley, John H. (John Huston), 1863-1940.",lcnaf,http://id.loc.gov/authorities/names/n88059291
"Finney, Byron Alfred, 1849-1938.",lcnaf,
"Finney, Edward A.",lcnaf,
"Finney, Ross Lee, 1906-1997",lcnaf,http://id.loc.gov/authorities/names/n80057037
"Firestone, Harvey Samuel, 1868-1938.",lcnaf,http://id.loc.gov/authorities/names/n85031330
"Fischer, Carl Hahn, 1903-",lcnaf,
"Fischer, John, 1910-",lcnaf,http://id.loc.gov/authorities/names/n79022194
"Fischer, Kenneth M.",lcnaf,
"Fish, Hamilton, 1888-1991",lcnaf,http://id.loc.gov/authorities/names/n50005249
"Fisher, Carl G.",lcnaf,
"Fisher, Charles Asbury, 1885-1948.",lcnaf,
"Fisher, Clyde, 1878-1949.",lcnaf,http://id.loc.gov/authorities/names/n82051111
"Fisher, Dorothy Canfield, 1879-1958.",lcnaf,http://id.loc.gov/authorities/names/n50005248
"Fisher, Irving, 1867-1947.",lcnaf,http://id.loc.gov/authorities/names/n50005294
"Fisher, M. F. K. (Mary Frances Kennedy), 1908-1992",lcnaf,http://id.loc.gov/authorities/names/n79095520
"Fisher, Marvin, 1905-1976.",lcnaf,
"Fisher, Rolland E.",lcnaf,
"Fisher, Winifred.",lcnaf,
"Fishman, Ellen.",lcnaf,
"Fitch, Abel F. d. 1851.",lcnaf,
"Fitch, Ferris H.",lcnaf,
"Fite, Emerson David, 1874-1953.",lcnaf,http://id.loc.gov/authorities/names/n50003225
"Fitt, Alfred Bradley, 1923-",lcnaf,
"Fitt, Frank, 1889-1982.",lcnaf,
"Fitting, James Edward.",lcnaf,
"FitzGerald, Frank.",lcnaf,
"Fitzgerald, F. Scott (Francis Scott), 1896-1940.",lcnaf,http://id.loc.gov/authorities/names/n79006871
"Fitzgerald, Frank Dwight, 1885-1939.",lcnaf,http://id.loc.gov/authorities/names/no2008183317
"Fitzgerald, John W. (John Warner), 1924-2006",lcnaf,http://id.loc.gov/authorities/names/no2009000472
"Fitzgerald, John Warner, 1924-",lcnaf,
"Fitzpatrick, John J., 1914-",lcnaf,
"Fitzpatrick, Keene, 1865-1944.",lcnaf,
"Fjetland, O. K.",lcnaf,
"Flack, Robert Bruce.",lcnaf,
"Flacks, Miriam.",lcnaf,
"Flacks, Richard.",lcnaf,http://id.loc.gov/authorities/names/n85001832
"Flaherty, Edward.",lcnaf,
"Flanders, George A.",lcnaf,
"Flanders, Ralph E. (Ralph Edward), 1880-1970.",lcnaf,http://id.loc.gov/authorities/names/n90705502
"Flatt, Anna Hall Stewart.",lcnaf,
"Flechsig, Jack.",lcnaf,
"Fleenor, Wayne Harrison, 1902-",lcnaf,
"Fleischer, Charles, 1871-1942.",lcnaf,
"Fleming, Arthur.",lcnaf,
"Fleming, Leroy Vincent, 1895-1975.",lcnaf,
"Fleming, R. W. (Robben Wright), 1916-2010.",lcnaf,http://id.loc.gov/authorities/names/no89013050
"Fleming, R.W. (Robben Wright), 1916-",lcnaf,
"Fleming, Sally.",lcnaf,
"Fletcher, Frank Ward, 1853-1922.",lcnaf,
"Fletcher, George N., b. 1813.",lcnaf,
"Fletcher, Mr. (Duncan Upshaw), 1859-1936.",lcnaf,http://id.loc.gov/authorities/names/no94025788
"Fletcher, Peter.",lcnaf,
"Fletcher, Richard H.",lcnaf,
"Fletcher, Robert W.",lcnaf,
"Fletcher, William Asa, 1788-1852.",lcnaf,http://id.loc.gov/authorities/names/n91114175
"Flexner, Abraham, 1866-1959.",lcnaf,http://id.loc.gov/authorities/names/n50003555
"Flexner, Simon, 1863-1946.",lcnaf,http://id.loc.gov/authorities/names/n83171558
"Flint, Robert, 1838-1910.",lcnaf,http://id.loc.gov/authorities/names/no92017771
"Flood, Merrill M. (Merrill Meeks), 1908-1991.",lcnaf,http://id.loc.gov/authorities/names/n2003123699
"Flood, Merrill Meeks, 1908-",lcnaf,
"Floor, Merrill Meeks, 1908-",lcnaf,
"Florence, Barbara Moench.",lcnaf,http://id.loc.gov/authorities/names/n78025312
"Florence, Philip.",lcnaf,
"Florer, Warren Washburn, 1869-",lcnaf,
"Florer, Warren Washburn, 1869-1958.",lcnaf,http://id.loc.gov/authorities/names/no2008187825
"Florescu, Stefan.",lcnaf,
"Flower, B. O. (Benjamin Orange), 1858-1918.",lcnaf,http://id.loc.gov/authorities/names/no92020602
"Floyd, John C., 1927-",lcnaf,
"Flynn, Felix H. H., 1881-",lcnaf,
"Flynn, John Thomas, 1883-1964.",lcnaf,
"Foch, Ferdinand, 1851-1929.",lcnaf,http://id.loc.gov/authorities/names/n79115432
"Foisie, Philip M.",lcnaf,
"Foley, Thomas.",lcnaf,
"Folks, Homer, 1867-1963.",lcnaf,http://id.loc.gov/authorities/names/no91012081
"Follo, Charles (Charles L.), 1905-1979",lcnaf,http://id.loc.gov/authorities/names/no2011192363
"Follo, Charles L.",lcnaf,
"Foltz, Jonathan Messersmith, 1810-1877.",lcnaf,http://id.loc.gov/authorities/names/n2006065090
"Fonda, Jane, 1937-",lcnaf,http://id.loc.gov/authorities/names/n79103680
"Foote, Henry Wilder, 1875-1964.",lcnaf,http://id.loc.gov/authorities/names/n50024790
"Foote, Mark, 1882-1957.",lcnaf,
"Foote, Paul D. (Paul Darwin), 1888-1971",lcnaf,http://id.loc.gov/authorities/names/n87125298
"Forbes, R. B. (Robert Bennet), 1804-1889.",lcnaf,http://id.loc.gov/authorities/names/n86856960
"Forbes, Stephen Alfred, 1844-1930.",lcnaf,http://id.loc.gov/authorities/names/n87152538
"Forbes, W. Cameron (William Cameron), 1870-1959.",lcnaf,http://id.loc.gov/authorities/names/n83328805
"Ford, Betty, 1918-2011.",lcnaf,http://id.loc.gov/authorities/names/n50024808
"Ford, Charles O.",lcnaf,
"Ford, Clara Bryant, 1866-1950.",lcnaf,
"Ford, Corydon L. (Corydon La), 1813-1894.",lcnaf,http://id.loc.gov/authorities/names/n86840036
"Ford, Edsel, 1893-1943--Homes and haunts.",lcnaf,
"Ford, Edsel, 1893-1943.",lcnaf,http://id.loc.gov/authorities/names/n88117828
"Ford, Gerald R., 1913-2006.",lcnaf,http://id.loc.gov/authorities/names/n79022087
"Ford, Gerald Rudolph, 1889-1962.",lcnaf,
"Ford, Guy Stanton, 1873-1962.",lcnaf,http://id.loc.gov/authorities/names/n90613033
"Ford, Henry, 1863-1947.",lcnaf,http://id.loc.gov/authorities/names/n79055385
"Ford, Henry, 1901-1988.",lcnaf,
"Ford, Henry, 1917-1987.",lcnaf,http://id.loc.gov/authorities/names/n81037309
"Ford, James Alfred, 1911-1968.",lcnaf,http://id.loc.gov/authorities/names/n50026056
"Ford, John, 1894-1973.",lcnaf,http://id.loc.gov/authorities/names/n79064952
"Ford, Richard I.",lcnaf,http://id.loc.gov/authorities/names/n84231716
"Ford, William D.",lcnaf,
"Ford, William D. (William David), 1927-",lcnaf,
"Ford, William F.",lcnaf,
"Ford, Worthington Chauncey, 1858-1941.",lcnaf,http://id.loc.gov/authorities/names/n50024841
"Fordney, Joseph W. (Joseph Warren), 1853-1932.",lcnaf,http://id.loc.gov/authorities/names/n88274247
"Forman, Robert G.",lcnaf,
"Foronda, S.",lcnaf,
"Forrestal, James, 1872-1936.",lcnaf,
"Forrestal, James, 1892-1949.",lcnaf,http://id.loc.gov/authorities/names/n86114299
"Forster, John Harris, 1822-1894.",lcnaf,http://id.loc.gov/authorities/names/nr90007454
"Forster, Martha Mullett.",lcnaf,
"Forsyth, Richard Alexander.",lcnaf,
"Forsythe, Russell.",lcnaf,
"Forsythe, Warren Ellsworth, 1885-1960.",lcnaf,
"Fosdick, Harry Emerson, 1878-1969.",lcnaf,http://id.loc.gov/authorities/names/n79063546
"Foss, Joe, 1915-2003",lcnaf,http://id.loc.gov/authorities/names/n80005771
"Foss, Sam Walter, 1858-1911.",lcnaf,http://id.loc.gov/authorities/names/n85046473
"Foster, Bert.",lcnaf,
"Foster, Charles W.",lcnaf,
"Foster, J. Ellen (Judith Ellen), 1840-",lcnaf,http://id.loc.gov/authorities/names/n86849183
"Foster, James S., 1828-1890.",lcnaf,http://id.loc.gov/authorities/names/no2004080931
"Foster, John Watson, 1836-1917.",lcnaf,http://id.loc.gov/authorities/names/n80065967
"Foster, Madison, 1940-",lcnaf,
"Foster, Margaret Irene Pattengill.",lcnaf,
"Foster, Mark, collector.",lcnaf,
"Foster, Richard Clarke, 1895-1941.",lcnaf,
"Foster, Seymour, 1845-1935.",lcnaf,
"Foster, Stephen Collins, 1826-1864.",lcnaf,http://id.loc.gov/authorities/names/n50023175
"Foster, Theodore George, 1888-1960.",lcnaf,
"Foster, Theodore, 1752-1828.",lcnaf,http://id.loc.gov/authorities/names/n86018377
"Foster, Theodore, 1812-1865.",lcnaf,
"Foster, William Trufant, 1879-1950.",lcnaf,http://id.loc.gov/authorities/names/no97059334
"Foulkes, George Ernest, 1878-1960.",lcnaf,
"Fowler, Ann Schwartz Smith.",lcnaf,
"Fowler, Henry H., 1908-2000",lcnaf,http://id.loc.gov/authorities/names/n81077089
"Fox, Dixon Ryan, 1887-1945.",lcnaf,http://id.loc.gov/authorities/names/n79065505
"Fox, George R., 1880-",lcnaf,
"Foy, Byron Cecil, 1893-1970.",lcnaf,
"Fraenkel, Karl, 1861-1916.",lcnaf,
"Francis, Everett, 1901-",lcnaf,
"Francis, Nancy C.",lcnaf,
"Francis, Thomas, 1900-",lcnaf,
"Franck, James, 1882-1964.",lcnaf,http://id.loc.gov/authorities/names/n83146477
"Frank, Coleman Dudley, 1876-1954.",lcnaf,
"Frank, Glenn, 1887-1940.",lcnaf,http://id.loc.gov/authorities/names/n89626630
"Frank, Henry, 1854-1933.",lcnaf,http://id.loc.gov/authorities/names/no2005116314
"Frank, Jerome D. (Jerome David), 1909-2005.",lcnaf,http://id.loc.gov/authorities/names/n50025712
"Frank, Jerome, 1889-1957.",lcnaf,http://id.loc.gov/authorities/names/n50025711
"Frank, Patricia M.",lcnaf,
"Frank, Randy.",lcnaf,
"Frank, Richard C.",lcnaf,
"Frank, Waldo David, 1889-1967.",lcnaf,http://id.loc.gov/authorities/names/n50025719
"Frankel, Betty.",lcnaf,
"Frankena, William K.",lcnaf,http://id.loc.gov/authorities/names/n79144658
"Frankenburger, L.",lcnaf,
"Frankensteen, Richard T. (Richard Truman), 1907-1977",lcnaf,http://id.loc.gov/authorities/names/no2010115287
"Frankforter, W. D.",lcnaf,http://id.loc.gov/authorities/names/no2002062835
"Frankfurter, Felix, 1882-1965.",lcnaf,http://id.loc.gov/authorities/names/n50025733
"Frankhauser, Mary E.",lcnaf,
"Franklin, Aretha.",lcnaf,http://id.loc.gov/authorities/names/n84028907
"Franklin, C. L. (Clarence LaVaughn), 1915-1984.",lcnaf,http://id.loc.gov/authorities/names/n88276628
"Franklin, Erma.",lcnaf,http://id.loc.gov/authorities/names/no98027241
"Franklin, Kenneth J.",lcnaf,
"Franklin, Vaughn.",lcnaf,
"Franz, E.",lcnaf,
"Franz, Robert, 1815-1892.",lcnaf,http://id.loc.gov/authorities/names/n85006189
"Frappier, Jon.",lcnaf,http://id.loc.gov/authorities/names/n85222861
"Fraser, Alexander Campbell, 1819-1914.",lcnaf,http://id.loc.gov/authorities/names/n79095473
"Fraser, Donald Mackay, 1924-",lcnaf,http://id.loc.gov/authorities/names/n50025458
"Fraser, Douglas A. (Douglas Andrew), 1916-2008.",lcnaf,http://id.loc.gov/authorities/names/n78062423
"Fraser, Russell A.",lcnaf,http://id.loc.gov/authorities/names/n50025472
"Frayer, William Alley.",lcnaf,
"Frazier, Charles H. (Charles Harrison), 1870-1936.",lcnaf,http://id.loc.gov/authorities/names/nr91031191
"Frear, Joseph Allen, 1903-",lcnaf,
"Fredericks, Marshall M., 1908-1998.",lcnaf,http://id.loc.gov/authorities/names/n00065115
"Frederickson, Randa, collector.",lcnaf,
"Fredgrant, Sara, 1900-",lcnaf,
"Freed, Donald, 1932-",lcnaf,http://id.loc.gov/authorities/names/n80080366
"Freedman, David Noel, 1922-",lcnaf,
"Freedman, Deborah S.",lcnaf,
"Freedman, Jonathan, 1954-",lcnaf,http://id.loc.gov/authorities/names/n95030185
"Freedman, Ronald 1917-",lcnaf,
"Freedman, Ronald, 1917-2007",lcnaf,http://id.loc.gov/authorities/names/n79081918
"Freeman, Orville L.",lcnaf,http://id.loc.gov/authorities/names/n80137613
"Freer, Frederick W.",lcnaf,
"Freitag, Elmer.",lcnaf,
"Freliga, Mary.",lcnaf,
"Frelinghuysen, Peter Hood Ballantine, 1916-",lcnaf,
"French, Edna Cumming, 1881-",lcnaf,
"French, J. Leslie (James Leslie), 1877-1962.",lcnaf,
"French, William M. R. (William Merchant Richardson), 1843-1914.",lcnaf,http://id.loc.gov/authorities/names/n92006083
"Frenssen, Gustav, 1863-1945.",lcnaf,http://id.loc.gov/authorities/names/n86113633
"Fretz, William G., 1869-",lcnaf,
"Freuchen, Peter, 1886-1957.",lcnaf,http://id.loc.gov/authorities/names/n50025440
"Freud, Sigmund, 1856-1939.",lcnaf,http://id.loc.gov/authorities/names/n79043849
"Frey, Charles F., 1929-",lcnaf,http://id.loc.gov/authorities/names/n88660763
"Frey, Donald Welson.",lcnaf,
"Frey, James G.",lcnaf,
"Fricke, Benno G.",lcnaf,http://id.loc.gov/authorities/names/no2001100913
"Friday, David, 1876-1945.",lcnaf,
"Friedan, Betty.",lcnaf,http://id.loc.gov/authorities/names/n50024063
"Friedman, Benjamin.",lcnaf,
"Friedman, Louis Kossuth, 1894-",lcnaf,
"Friedman, Milton, 1912-2006",lcnaf,http://id.loc.gov/authorities/names/n79117948
"Friendly, Fred W.",lcnaf,http://id.loc.gov/authorities/names/n50024100
"Fries, Charles C. (Charles Carpenter), 1887-1967",lcnaf,http://id.loc.gov/authorities/names/n82051075
"Frieze, Henry S. (Henry Simmons), 1817-1889.",lcnaf,http://id.loc.gov/authorities/names/n85801636
"Frisbie, Nora G., collector.",lcnaf,
"Fritsche, Carl B.",lcnaf,http://id.loc.gov/authorities/names/n88121577
"Fritz, Emanuel, 1886-",lcnaf,http://id.loc.gov/authorities/names/n83825740
"Fromherz, Hans, 1902-",lcnaf,http://id.loc.gov/authorities/names/n83825741
"Fromm, Erich, 1900-1980.",lcnaf,http://id.loc.gov/authorities/names/n80010148
"Frost, Joseph D., 1888-",lcnaf,
"Frost, Robert, 1874-1963.",lcnaf,http://id.loc.gov/authorities/names/n79005644
"Frost, Wade Hampton, 1880-1938.",lcnaf,http://id.loc.gov/authorities/names/n88144675
"Frost, Wallace, 1892-1962.",lcnaf,
"Frost, William G. (William Goodell), 1854-1938.",lcnaf,http://id.loc.gov/authorities/names/n93006184
"Frost-Welmers, Nan.",lcnaf,
"Fruehauf, Harvey Charles, 1893-",lcnaf,
"Fry, Lynn W., 1894-1976.",lcnaf,
"Fry, Theodore I., 1881-",lcnaf,
"Frye, B. E. (Billy Eugene)",lcnaf,http://id.loc.gov/authorities/names/n85819955
"Frye, William P. (William Pierce), 1831-1911.",lcnaf,http://id.loc.gov/authorities/names/n86114473
"Frédéricq, Paul, 1850-1920.",lcnaf,
"Frémont, John Charles, 1813-1890.",lcnaf,
"Fuertes, E. A.",lcnaf,
"Fuess, Claude Moore, 1885-1963.",lcnaf,http://id.loc.gov/authorities/names/n50041613
"Fugate, James, 1877-1938.",lcnaf,
"Fulbright, J. William (James William), 1905-1995.",lcnaf,http://id.loc.gov/authorities/names/n50041614
"Fulcher, Earl, 1892-1979.",lcnaf,
"Fuld, Bracha, 1926-1946.",lcnaf,http://id.loc.gov/authorities/names/no99024398
"Fuller, Barbara, 1925-",lcnaf,http://id.loc.gov/authorities/names/no2008144526
"Fuller, David Otis.",lcnaf,
"Fuller, Ella G. (Ella Grace), 1872-1968.",lcnaf,
"Fuller, George Damon.",lcnaf,
"Fuller, George N. (George Newman), 1873-1957.",lcnaf,http://id.loc.gov/authorities/names/n87891315
"Fuller, Glenn.",lcnaf,
"Fuller, Melville Weston, 1833-1910.",lcnaf,http://id.loc.gov/authorities/names/n82252977
"Fuller, Oramel B., b. 1858.",lcnaf,
"Fuller, R. Buckminster (Richard Buckminster), 1895-1983.",lcnaf,http://id.loc.gov/authorities/names/n79006776
"Fuller, Samuel, 1916-2005.",lcnaf,
"Fulton, Douglas.",lcnaf,http://id.loc.gov/authorities/names/nr92035613
"Fulton, George A., 1948-",lcnaf,http://id.loc.gov/authorities/names/n84041142
"Fulton, James G. (James Grove), 1903-1971.",lcnaf,http://id.loc.gov/authorities/names/n85044996
"Fulton, James Street, 1904-1997",lcnaf,http://id.loc.gov/authorities/names/no00078893
"Fulton, William, 1939-",lcnaf,http://id.loc.gov/authorities/names/n81016587
"Funston, Frederick, 1865-1917.",lcnaf,http://id.loc.gov/authorities/names/n84017628
"Fuqua, Christina.",lcnaf,
"Furay, Mort, 1910-",lcnaf,
"Furlong, Harold Arthur, 1895-",lcnaf,
"Furstenberg, Albert Carl, 1890-1969.",lcnaf,
"Fusfeld, Daniel R. (Daniel Roland), 1922-2007",lcnaf,http://id.loc.gov/authorities/names/n50015382
"Fyan, Loleta D.",lcnaf,
"Fyfe, Jennie.",lcnaf,
"Gabler, Cornelius L. T., 1902-1988.",lcnaf,
"Gabrielson, Guy George, 1891-",lcnaf,
"Gaddis, William, 1922-1998.",lcnaf,http://id.loc.gov/authorities/names/n81043116
"Gade, Niels W. (Niels Wilhelm), 1817-1890.",lcnaf,http://id.loc.gov/authorities/names/n81004075
"Gaede, Erwin A.",lcnaf,
"Gage, Lois Waite.",lcnaf,
"Gage, Simon Henry, 1851-1944.",lcnaf,http://id.loc.gov/authorities/names/n87829515
"Gage-Colby, Ruth.",lcnaf,http://id.loc.gov/authorities/names/n90699983
"Gaige, Frederick M.",lcnaf,
"Gaines, Harry Robert, 1891-1974.",lcnaf,
"Gajec, Edward, 1918-",lcnaf,
"Galamian, Ivan.",lcnaf,http://id.loc.gov/authorities/names/n81132099
"Galbraith, D. James.",lcnaf,http://id.loc.gov/authorities/names/n85210459
"Galbraith, D. James.--Hartland : change in the heart of America.",lcnaf,
"Galbraith, John Kenneth, 1908-2006.",lcnaf,http://id.loc.gov/authorities/names/n79061210
"Gale, Esson M. (Esson McDowell), 1884-1964",lcnaf,http://id.loc.gov/authorities/names/no2008189543
"Gale, Esson McDowell, 1884-",lcnaf,
Galen.,lcnaf,http://id.loc.gov/authorities/names/n79059644
"Gallagher, Arthur, 1911-",lcnaf,
"Gallagher, Arthur.",lcnaf,
"Gallagher, Daniel M., 1908-",lcnaf,
"Gallagher, Michael James, 1866-1937.",lcnaf,
"Galler, Bernard A.",lcnaf,
"Galler, Bernard A., 1928-",lcnaf,http://id.loc.gov/authorities/names/n88647701
"Galler, Enid H.",lcnaf,
"Galler, Enid.",lcnaf,
"Gallico, Paul, 1897-1976",lcnaf,http://id.loc.gov/authorities/names/n79114016
"Gallop, Horace Milton.",lcnaf,
"Gallup, George, 1901-1984",lcnaf,http://id.loc.gov/authorities/names/n79045426
"Gamble, William.",lcnaf,
"Gandhi, Mahatma, 1869-1948.",lcnaf,http://id.loc.gov/authorities/names/n79041626
"Ganley, Nat, 1903-1969.",lcnaf,http://id.loc.gov/authorities/names/n91023776
"Gannett, Frank E. (Frank Ernest), 1876-1957.",lcnaf,http://id.loc.gov/authorities/names/n87930448
"Gannett, Lewis, 1891-1966.",lcnaf,http://id.loc.gov/authorities/names/n90622248
"Gannett, William C. (William Channing), 1840-1923.",lcnaf,http://id.loc.gov/authorities/names/no92032875
"Gansevoort, Guert, 1812-1867.",lcnaf,
"Gansser, Augustus H., 1872-",lcnaf,
"Garcia, Valde.",lcnaf,
"Garden, Mary, 1874-1967.",lcnaf,http://id.loc.gov/authorities/names/n80010421
"Gardner, Erle Stanley, 1889-1970.",lcnaf,http://id.loc.gov/authorities/names/n79071101
"Gardner, Obadiah, 1850-1938.",lcnaf,
"Gardner, Washington, 1845-1928.",lcnaf,http://id.loc.gov/authorities/names/n2006006435
"Garfield, Charles William, 1848-1934.",lcnaf,http://id.loc.gov/authorities/names/n2013035856
"Garfield, Harry Augustus, 1863-1942.",lcnaf,http://id.loc.gov/authorities/names/n96008408
"Garfield, James A. (James Abram), 1831-1881.",lcnaf,http://id.loc.gov/authorities/names/n50015182
"Garfield, James Rudolph, 1865-1950.",lcnaf,http://id.loc.gov/authorities/names/n88679726
"Garfield, Lucretia Rudolph, 1832-1918.",lcnaf,http://id.loc.gov/authorities/names/n91107274
"Garland, Hamlin, 1860-1940.",lcnaf,http://id.loc.gov/authorities/names/n80045857
"Garner, James Wilford, 1871-1938.",lcnaf,http://id.loc.gov/authorities/names/n87856690
"Garner, John Nance, 1868-1967.",lcnaf,http://id.loc.gov/authorities/names/n91085097
"Garrison, Garnet R., 1911-",lcnaf,http://id.loc.gov/authorities/names/no2010196714
"Garrison, William Lloyd, 1805-1879.",lcnaf,http://id.loc.gov/authorities/names/n80045859
"Garrison, William Lloyd, 1838-1909.",lcnaf,http://id.loc.gov/authorities/names/nr2001011327
"Garrod, Alfred Baring, Sir, 1819-1907.",lcnaf,
"Garroway, Dave, 1913-1982.",lcnaf,http://id.loc.gov/authorities/names/n85138045
"Gary, J. E. (Joseph Easton), 1821-1906.",lcnaf,
"Gastillo, Hugo.",lcnaf,
"Gates, David Murray, 1921-",lcnaf,http://id.loc.gov/authorities/names/n79054920
"Gates, Frank C. (Frank Caleb), 1887-1955.",lcnaf,http://id.loc.gov/authorities/names/no95004027
"Gates, Helen Dunn, 1857-1910.",lcnaf,
"Gaulle, Charles de, 1890-1970.",lcnaf,http://id.loc.gov/authorities/names/n79041762
"Gault, Harry G., 1892-",lcnaf,
"Gavin, James M. (James Maurice), 1907-1990.",lcnaf,http://id.loc.gov/authorities/names/n86114486
"Gavin, Leon H.",lcnaf,
"Gavit, John Palmer, 1868-1954.",lcnaf,http://id.loc.gov/authorities/names/n80112997
"Gay, Edwin F. (Edwin Francis), 1867-1946.",lcnaf,http://id.loc.gov/authorities/names/n88222554
"Gaye, Marvin.",lcnaf,http://id.loc.gov/authorities/names/n84164416
"Gayley, Charles Mills, 1858-1932.",lcnaf,http://id.loc.gov/authorities/names/n50016340
"Geddes, John.",lcnaf,
"Geddes, Norman, b. 1823.",lcnaf,
"Geddes, William.",lcnaf,
"Geerlings, Clyde H., 1904-",lcnaf,
"Gehring, Carl Ernest, 1897-1966.",lcnaf,
"Geisendorfer, George.",lcnaf,
"Geisinger, David, 1790-1860.",lcnaf,http://id.loc.gov/authorities/names/n96009407
"Gelehrter, Thomas D.",lcnaf,http://id.loc.gov/authorities/names/n88008510
"Gellein, Hilmer.",lcnaf,
"Gelles, Catherine.",lcnaf,
"Gelli, Giovanni Battista, 1498-1563.",lcnaf,http://id.loc.gov/authorities/names/n80060699
"Gelston, J. M. (Joseph Mills), 1847-1931.",lcnaf,http://id.loc.gov/authorities/names/no96038894
"Geltz, Albert E.",lcnaf,
"Genske, William L., 1911-",lcnaf,
"Georgakas, Dan.",lcnaf,http://id.loc.gov/authorities/names/n50020209
"George, Emery Edward, 1933-",lcnaf,http://id.loc.gov/authorities/names/n50041623
"George, Emily.",lcnaf,
"George, Maryanne.",lcnaf,
"George, Walter F. (Walter Franklin), 1878-1957.",lcnaf,http://id.loc.gov/authorities/names/n86114497
"Gepford, William.",lcnaf,
"Gephardt, Richard A. (Richard Andrew), 1941-",lcnaf,http://id.loc.gov/authorities/names/n93055881
"Gerard, R. W. (Ralph Waldo), 1900-1974",lcnaf,http://id.loc.gov/authorities/names/n85807941
"Gerard, Ralph Waldo (1900-1974).",lcnaf,
"Gerber, Daniel F., 1898-1974.",lcnaf,
"Gerganoff, Ralph Stevens, d. 1966.",lcnaf,
"Gerganoff, Stoyan T.",lcnaf,
"Gerganoff, Zdravko T.",lcnaf,
"Gerich, Elise.",lcnaf,
"Gerlach, Lee.",lcnaf,http://id.loc.gov/authorities/names/n93011642
"German, Edward, Sir, 1862-1936.",lcnaf,http://id.loc.gov/authorities/names/n80166825
"Germer, Adolph.",lcnaf,http://id.loc.gov/authorities/names/n88081713
"Geronimo, Apache chief, 1829-1909.",lcnaf,http://id.loc.gov/authorities/names/n50016500
"Gershwin, George, 1898-1937--Porgy and Bess.",lcnaf,
"Gershwin, George, 1898-1937.",lcnaf,http://id.loc.gov/authorities/names/n79077265
"Gesell, Robert, 1886-1954.",lcnaf,http://id.loc.gov/authorities/names/no2014093740
"Gessner, Robert, 1907-1968",lcnaf,http://id.loc.gov/authorities/names/no96006131
"Ghani, Ashraf.",lcnaf,
"Giannini, Amadeo Peter, 1870-1949.",lcnaf,http://id.loc.gov/authorities/names/n92035198
"Gibb, Russ, 1931-",lcnaf,
"Gibbons, Delmar D., 1913-",lcnaf,
"Gibson, Audrey.",lcnaf,
"Gibson, Emily S. Gilbert.",lcnaf,
"Gibson, Ernest W., 1901-1969.",lcnaf,http://id.loc.gov/authorities/names/n86019296
"Gibson, J. Jefferson.",lcnaf,
"Gibson, Kenneth Richard, 1895-1959.",lcnaf,
"Giddings, Franklin Henry, 1855-1931.",lcnaf,http://id.loc.gov/authorities/names/n50028016
"Giddings, Orrin N., 1814-1904.",lcnaf,
"Giese, Elizabeth H., 1943-",lcnaf,
"Giffels, W. C.",lcnaf,
"Gifford, Edson P., b. 1832.",lcnaf,
"Gifford, Walter S. (Walter Sherman), 1885-1966",lcnaf,http://id.loc.gov/authorities/names/no96020441
"Gilbert, Angelina Bingham.",lcnaf,
"Gilbert, Cass, 1859-1934.",lcnaf,http://id.loc.gov/authorities/names/n80159328
"Gilbert, Charles Kendall, 1878-1958.",lcnaf,
"Gilbert, Edwin H.",lcnaf,
"Gilbert, Mary H.",lcnaf,http://id.loc.gov/authorities/names/no97007795
"Gilbert, Newton W. (Newton Whiting), 1862-1939.",lcnaf,http://id.loc.gov/authorities/names/n91089347
"Gilbert, W. S. (William Schwenck), 1836-1911--Performances--Michigan.",lcnaf,
"Gilchrist, Frank Rust, d. 1917.",lcnaf,
"Gilchrist, Frank William, 1845-1912.",lcnaf,
"Gilchrist, James Grant, 1842-1906.",lcnaf,http://id.loc.gov/authorities/names/n92106299
"Gilchrist, Ralph, 1877-1936.",lcnaf,
"Gildart, Joyce S. (Joyce Stuart), ca. 1920-1969",lcnaf,
"Gildersleeve, Virginia C.",lcnaf,
"Gilfillan, Lauren, 1909-",lcnaf,http://id.loc.gov/authorities/names/nb98051213
"Gilfillan, Lauren, 1909---I went to pit college.",lcnaf,
"Gill, Etta Margaret Lawrence, 1919-",lcnaf,
"Gill, Lillian.",lcnaf,
"Gillein, Hilmer.",lcnaf,
"Gillen, Martin James, 1872-1943.",lcnaf,
"Gillespie, George D. (George De Normandie), 1819-1909.",lcnaf,
"Gillespie, George De Normandie, 1819-1909.",lcnaf,
"Gillespie, Glenn C. (Glenn Carlton), 1885-1959",lcnaf,http://id.loc.gov/authorities/names/n85218917
"Gillespie, Glenn C.(Glenn Carlton), 1885-",lcnaf,
"Gillet, Ransom H. (Ransom Hooker), 1800-1876.",lcnaf,http://id.loc.gov/authorities/names/n88002980
"Gillette, Fredericka Botsford, 1875-",lcnaf,
"Gillette, Genevieve, 1898-",lcnaf,
"Gillette, Guy M.",lcnaf,
"Gillette, Guy Mark, 1879-1973.",lcnaf,http://id.loc.gov/authorities/names/no92022746
"Gillis, Joseph A., 1895-",lcnaf,
"Gilman, Daniel Coit, 1831-1908.",lcnaf,http://id.loc.gov/authorities/names/n50033408
"Gilman, Sid, 1932-",lcnaf,
"Gilmore, Eugene Allen, 1871-1953.",lcnaf,http://id.loc.gov/authorities/names/nr96019541
"Gilmore, Horace.",lcnaf,
"Gilmore, Melvin R. (Melvin Randolph), 1868-1940.",lcnaf,http://id.loc.gov/authorities/names/n85186040
"Gilmore, P. S. (Patrick Sarsfield), 1829-1892.",lcnaf,http://id.loc.gov/authorities/names/n82013649
"Gilmore, William Steele, 1884-",lcnaf,
"Giltrow, David.",lcnaf,
"Gingerich, Solomon Francis, 1875-",lcnaf,http://id.loc.gov/authorities/names/n50033423
"Gingrich, Arnold.",lcnaf,http://id.loc.gov/authorities/names/n50029911
"Ginsberg, Allen, 1926-",lcnaf,
"Ginsberg, Edward, 1917-1997.",lcnaf,
"Gipson, Lawrence Henry, 1880-1971",lcnaf,http://id.loc.gov/authorities/names/n85031378
"Girardin, Ray, d. 1971.",lcnaf,
"Gitlin, Todd.",lcnaf,http://id.loc.gov/authorities/names/n80009853
"Gitzen, Joseph A.",lcnaf,
"Givens, Willard Earl, 1886-1971.",lcnaf,http://id.loc.gov/authorities/names/n2005061580
"Gjelsness, Rudolph H. (Rudolph Hjalmar), 1894-1968.",lcnaf,http://id.loc.gov/authorities/names/nr00036451
"Gladstein, Caroline Decker.",lcnaf,
"Glaser, Donald A.",lcnaf,
"Glaser, Otto Charles, 1880-",lcnaf,
"Glasgow, Cassius L., b. 1859.",lcnaf,
"Glaspie, Andrew Bird, 1876-",lcnaf,
"Glass, Carter, 1858-1946.",lcnaf,http://id.loc.gov/authorities/names/n82098418
"Glass, Harry.",lcnaf,
"Glassen, Harold W., 1906-",lcnaf,
"Glassford, Harold T., 1903-1984.",lcnaf,
"Glazer, Lawrence M.",lcnaf,http://id.loc.gov/authorities/names/n2010006697
"Glazunov, Aleksandr Konstantinovich, 1865-1936.",lcnaf,http://id.loc.gov/authorities/names/n80079449
"Gleason, Arthur, 1878-1923.",lcnaf,http://id.loc.gov/authorities/names/n85033502
"Glenn, John, 1921-",lcnaf,http://id.loc.gov/authorities/names/n79091232
"Glick, Brian.",lcnaf,http://id.loc.gov/authorities/names/n88004420
"Glynn, Alphrett.",lcnaf,
"Glynn, John, 1801-1871.",lcnaf,
"Glynn, Mary Ann.",lcnaf,http://id.loc.gov/authorities/names/no93016924
"Goddard, Edwin C. (Edwin Charles), 1865-1942.",lcnaf,http://id.loc.gov/authorities/names/n86861548
"Goddard, Lillian Rosewarne.",lcnaf,
"Godfrey, Arthur, 1903-1983.",lcnaf,http://id.loc.gov/authorities/names/n88027691
"Goebel, Paul Gordon, 1901-",lcnaf,
"Goethals, George W. (George Washington), 1858-1928.",lcnaf,http://id.loc.gov/authorities/names/n86053357
"Goff, Kenneth.",lcnaf,
"Goldberg, Arthur J.",lcnaf,http://id.loc.gov/authorities/names/n50034365
"Goldberg, Leo.",lcnaf,http://id.loc.gov/authorities/names/n79054378
"Goldberg, Stanley B.",lcnaf,
"Goldenberg, Edie N.",lcnaf,http://id.loc.gov/authorities/names/n82241823
"Goldenweiser, Alexander, 1880-1940.",lcnaf,http://id.loc.gov/authorities/names/n90674982
"Goldman, Edwin Franko, 1878-1956.",lcnaf,http://id.loc.gov/authorities/names/n82136766
"Goldman, Emma, 1869-1940.",lcnaf,http://id.loc.gov/authorities/names/n50034593
"Goldman, Eric Frederick, 1915-1989",lcnaf,http://id.loc.gov/authorities/names/n50034594
"Goldstein, Laurence, 1942-",lcnaf,
"Goldstick, Nathan.",lcnaf,
"Goldwater, Barry M. (Barry Morris), 1909-1998.",lcnaf,http://id.loc.gov/authorities/names/n79144788
"Gomberg, Edith.",lcnaf,
"Gomberg, H. J. (Henry Jacob), 1918-",lcnaf,
"Gomberg, H. J. (Henry Jacob), 1918-1995",lcnaf,http://id.loc.gov/authorities/names/nr92042836
"Gomberg, Moses, 1866-1947.",lcnaf,http://id.loc.gov/authorities/names/no2003107796
"Gomez, Joseph, 1890-1979.",lcnaf,http://id.loc.gov/authorities/names/n98018663
"Gomon, Josephine Fellows, 1892-1975.",lcnaf,
"Gompers, Samuel, 1850-1924.",lcnaf,http://id.loc.gov/authorities/names/n50034482
"Gomulka, Ted, 1919-1998.",lcnaf,
"Gonzales, Jesse.",lcnaf,
"Good, Janet.",lcnaf,
"Good, Tommy.",lcnaf,
"Goodhue, Bertram Grosvenor, 1869-1924.",lcnaf,http://id.loc.gov/authorities/names/n82024321
"Goodman, George.",lcnaf,
"Goodman, Grant K.",lcnaf,
"Goodman, Grant Kohn",lcnaf,
"Goodman, Judith.",lcnaf,
"Goodman, Marshall I.",lcnaf,
"Goodrich, Calvin.",lcnaf,
"Goodrich, Enos, 1813-1897.",lcnaf,
"Goodrich, Francis Lee Dewey, 1877-1962.",lcnaf,http://id.loc.gov/authorities/names/no2001004601
"Goodrich, Fred Stanley, 1836-1919.",lcnaf,
"Goodrich, Herbert Funk, 1889-1962.",lcnaf,http://id.loc.gov/authorities/names/n50034287
"Goodrich, Marion Scott.",lcnaf,
"Goodrich, Reuben, 1819-1899.",lcnaf,
"Goodspeed, Charles E. (Charles Eliot), 1867-1950.",lcnaf,http://id.loc.gov/authorities/names/n83016627
"Goodspeed, Edgar Johnson, 1871-1962.",lcnaf,http://id.loc.gov/authorities/names/n50037319
"Goodspeed, Richard D.",lcnaf,
"Goodspeed, Robert",lcnaf,
"Gordon, Anna Adams, 1853-1931.",lcnaf,http://id.loc.gov/authorities/names/no94038618
"Gordon, Archibald, Sir.",lcnaf,
"Gordon, Edgar B.",lcnaf,
"Gordon, Nancy C.",lcnaf,
"Gordus, Jeanne P.",lcnaf,http://id.loc.gov/authorities/names/n79132680
"Gordy, Berry, 1888-1978.",lcnaf,http://id.loc.gov/authorities/names/n79096649
"Gordy, Berry.",lcnaf,http://id.loc.gov/authorities/names/n79070928
"Gore, Albert, 1907-1998.",lcnaf,http://id.loc.gov/authorities/names/n87944950
"Gore, Mr. (Thomas Pryor), 1870-1949.",lcnaf,
"Gore, Victor M.",lcnaf,
"Gore, Victor Michael, 1858-1941.",lcnaf,
"Gores, Walter J., d. 1966.",lcnaf,
"Gorham, Charles T., 1812-1901.",lcnaf,
"Gorman, Galbraith, b. 1889.",lcnaf,
"Gorman, James Sedgwick, 1850-1923.",lcnaf,
"Gorman, Michael (Michael Arthur), 1892-1958.",lcnaf,
"Gorman, Michael A. (Michael Arthur), 1892-1958.",lcnaf,http://id.loc.gov/authorities/names/n92088830
"Gorman, Nellie Bingham, 1863-1949.",lcnaf,
"Goslin, David.",lcnaf,
"Gosling, John R. G.",lcnaf,
"Gosling, John R.G., 1926-1992",lcnaf,
"Gosling, William A.",lcnaf,http://id.loc.gov/authorities/names/n95039962
"Gosse, Edmund, 1849-1928.",lcnaf,http://id.loc.gov/authorities/names/n80045877
"Gossett, Elizabeth Hughes, 1907-1981.",lcnaf,
"Gossett, Elizabeth Hughes, 1908-1981.",lcnaf,
"Gossett, Elizabeth.",lcnaf,
"Gossett, William T.",lcnaf,
"Gostick, Ron.",lcnaf,
"Goudsmit, Samuel A. (Samuel Abraham), 1902-1978",lcnaf,http://id.loc.gov/authorities/names/n82097512
"Goulart, João, 1918-1976.",lcnaf,
"Gould, Michael.",lcnaf,
"Gounod, Charles, 1818-1893.",lcnaf,http://id.loc.gov/authorities/names/n79107989
"Grabar, Oleg.",lcnaf,http://id.loc.gov/authorities/names/n79006617
"Grace, Edward R.",lcnaf,
"Graf, Otto G.",lcnaf,
"Graf, Otto.",lcnaf,
"Graff, Otto G.",lcnaf,
"Graham, Billy, 1918-",lcnaf,http://id.loc.gov/authorities/names/n79054798
"Graham, Charlotte.",lcnaf,http://id.loc.gov/authorities/names/no2007142780
"Graham, Chester A. (Chester Arthur), 1892-",lcnaf,
"Graham, Evarts A. (Evarts Ambrose), 1883-1957",lcnaf,http://id.loc.gov/authorities/names/n88044809
"Graham, Frank Porter, 1886-1972",lcnaf,http://id.loc.gov/authorities/names/n80125515
"Graham, Otis L.",lcnaf,http://id.loc.gov/authorities/names/n79125904
"Graham, Walter DeWitt, 1885-1927.",lcnaf,
"Grainger, Percy, 1882-1961.",lcnaf,http://id.loc.gov/authorities/names/n79124007
"Gramlich, Edward M.",lcnaf,http://id.loc.gov/authorities/names/n79056623
"Granger, Bradley Francis, 1825-1882.",lcnaf,
"Granholm, Jennifer.",lcnaf,http://id.loc.gov/authorities/names/no2005059175
"Granstead, Durand.",lcnaf,
"Grant, Claudius Buchanan, 1835-1921.",lcnaf,
"Grant, John Henry, 1857-1913.",lcnaf,http://id.loc.gov/authorities/names/no2008187842
"Grant, Murvel.",lcnaf,
"Grant, Ulysses S. (Ulysses Simpson), 1822-1885.",lcnaf,http://id.loc.gov/authorities/names/n80126151
"Grant, Wilbur H.",lcnaf,
"Granville, Robert, 1886-1964.",lcnaf,
"Grassmuck, George.",lcnaf,http://id.loc.gov/authorities/names/n85092442
"Graveraet, Robert.",lcnaf,
"Graves, Albert, 1825-1865.",lcnaf,
"Graves, Ann Lapham, 1822-1894.",lcnaf,
"Graves, Benjamin Franklin, b. 1817.",lcnaf,
"Graves, Bibb, 1873-1942.",lcnaf,http://id.loc.gov/authorities/names/no2004056449
"Graves, Henry B. (Henry Ballard), 1861-1952.",lcnaf,
"Graves, Henry Solon, 1871-1951.",lcnaf,http://id.loc.gov/authorities/names/n98028126
"Graves, Martha Calhoun, 1826-1904.",lcnaf,
"Graves, Robert.",lcnaf,
"Graving, William.",lcnaf,
"Gray, Alan E.",lcnaf,
"Gray, Almena Studley.",lcnaf,
"Gray, Asa, 1810-1888.",lcnaf,http://id.loc.gov/authorities/names/n50032053
"Gray, Elisha, 1835-1901.",lcnaf,http://id.loc.gov/authorities/names/n92112564
"Gray, Fanny, d.1911.",lcnaf,
"Gray, Harold Studley, 1894-1972.",lcnaf,
"Gray, John H. (John Henry), 1859-1946",lcnaf,http://id.loc.gov/authorities/names/n00020652
"Gray, John Simpson, 1841-1906.",lcnaf,
"Gray, Mary Bury, 1820-1909.",lcnaf,
"Gray, Philip Hayward, 1865-1922.",lcnaf,
"Gray, Whitmore.",lcnaf,http://id.loc.gov/authorities/names/n79058508
"Greathouse, Pat.",lcnaf,
"Greber, N'omi.",lcnaf,http://id.loc.gov/authorities/names/n79128489
"Greco, Tony.",lcnaf,http://id.loc.gov/authorities/names/n2009002259
"Greeley, Dana McLean, 1908-1986",lcnaf,http://id.loc.gov/authorities/names/n85299561
"Greeley, Horace, 1811-1872.",lcnaf,http://id.loc.gov/authorities/names/n80045878
"Greeley, William Buckhout, 1879-1955.",lcnaf,
"Green, Amos R., 1887-1968.",lcnaf,
"Green, Camilla B., 1870-1955.",lcnaf,
"Green, Carl M.",lcnaf,
"Green, Dwight H., 1897-1958.",lcnaf,http://id.loc.gov/authorities/names/no2006026308
"Green, Elizabeth A. H.",lcnaf,http://id.loc.gov/authorities/names/n84043369
"Green, Ethel.",lcnaf,
"Green, Fred Harrison, 1890-1961.",lcnaf,
"Green, Fred W. (Fred Warren), 1872-1936.",lcnaf,http://id.loc.gov/authorities/names/no2008183293
"Green, Fred Warren, 1872-1936.",lcnaf,http://id.loc.gov/authorities/names/no2008183293
"Green, Frederick Robin, 1870-1929.",lcnaf,
"Green, G. F.",lcnaf,
"Green, Harold C., 1889-1976.",lcnaf,
"Green, Helen A. Kelly.",lcnaf,
"Green, Noah K., 1808-1886.",lcnaf,
"Green, Sanford M. (Sanford Moon), 1807-1901.",lcnaf,http://id.loc.gov/authorities/names/n88071968
"Green, Sullivan Dexter, 1833-1889.",lcnaf,
"Green, Theodore Francis, 1867-1966.",lcnaf,http://id.loc.gov/authorities/names/n85204773
"Green, William, 1870-1952.",lcnaf,http://id.loc.gov/authorities/names/n86011666
"Greenberg, G. Robert (1918-2005)",lcnaf,
"Greenberg, G. Robert.",lcnaf,
"Greene, Albert Emerson.",lcnaf,
"Greene, Belle da Costa.",lcnaf,http://id.loc.gov/authorities/names/nr97033759
"Greene, Charles E. (Charles Ezra), 1842-1903.",lcnaf,http://id.loc.gov/authorities/names/no93006977
"Greene, Charles Wilson, 1866-1947.",lcnaf,http://id.loc.gov/authorities/names/n88622524
"Greene, Evarts Boutell, 1870-1947.",lcnaf,http://id.loc.gov/authorities/names/n79135029
"Greene, Janet.",lcnaf,
"Greenfield, Levi, 1836-1865.",lcnaf,
"Greenleaf, Beverli.",lcnaf,
"Greenlees, Orr.",lcnaf,
"Greenman, Emerson Frank, 1895-1973.",lcnaf,
"Gregg, Richard Bartlett, 1885-",lcnaf,http://id.loc.gov/authorities/names/n50031468
"Gregory, Charles.",lcnaf,
"Gregory, Karl.",lcnaf,
"Gregory, Richard C.",lcnaf,
"Gregory, Stanley J., 1911-",lcnaf,
"Grenell, Judson.",lcnaf,http://id.loc.gov/authorities/names/nr93038118
"Gresham, Walter Quintin, 1832-1895.",lcnaf,http://id.loc.gov/authorities/names/n87839859
"Gressman, Eugene, 1917-",lcnaf,
"Gressman, Eugene, 1917-2010",lcnaf,http://id.loc.gov/authorities/names/n80109846
"Grew, Joseph C. (Joseph Clark), 1880-1965.",lcnaf,http://id.loc.gov/authorities/names/n50031486
"Grewe, Wilhelm Georg, 1911-",lcnaf,http://id.loc.gov/authorities/names/n81089649
"Gribbs, Roman S., 1925-",lcnaf,http://id.loc.gov/authorities/names/n91000633
"Grier, John William, 1892-1979.",lcnaf,
"Gries, Walter Frederick, 1892-1952.",lcnaf,
"Griffen, Franklin Jay.",lcnaf,
"Griffin, Clare E. (Clare Elmer), 1892-1979",lcnaf,http://id.loc.gov/authorities/names/n86819677
"Griffin, Denise.",lcnaf,
"Griffin, James B. (James Bennett), 1905-1997",lcnaf,http://id.loc.gov/authorities/names/n50031636
"Griffin, James Bennett, 1905-1997",lcnaf,
"Griffin, Levi T. (Levi Thomas), 1837-1906.",lcnaf,http://id.loc.gov/authorities/names/n85252274
"Griffin, Robert P. (Robert Paul), 1923-2015",lcnaf,http://id.loc.gov/authorities/names/n87870687
"Griffin, Robert Stanislaus, 1857-1933.",lcnaf,http://id.loc.gov/authorities/names/nr2006017545
"Griffith, John L.",lcnaf,
"Griffiths, Hicks G., 1910-",lcnaf,
"Griffiths, Martha W. (Martha Wright), 1912-2003.",lcnaf,http://id.loc.gov/authorities/names/n82018373
"Griffiths, Martha Wright, 1912-2003.",lcnaf,
"Grigaut, Paul L.",lcnaf,http://id.loc.gov/authorities/names/no97017949
"Grigg, Elizabeth S.",lcnaf,
"Griggs, Earl Leslie, 1899-",lcnaf,
"Griggs, Edward Howard, 1868-1951.",lcnaf,http://id.loc.gov/authorities/names/n86113553
"Grigsby, Gail.",lcnaf,
"Grimes, George Lyman.",lcnaf,
"Grimes, Lucia Isabelle Voorhees, 1877-1978.",lcnaf,
"Grimm, Joe.",lcnaf,
"Grimshaw, Gary.",lcnaf,http://id.loc.gov/authorities/names/no2012013862
"Grinnell, George Bird, 1849-1938.",lcnaf,http://id.loc.gov/authorities/names/n50031664
"Griswold, George R., d. 1857.",lcnaf,
"Griswold, Joseph Bascom, 1842-1915.",lcnaf,
"Griswold, Roger W., 1812-1886.",lcnaf,
"Groesbeck, Alexander J. (Alexander Joseph), 1873-1953.",lcnaf,http://id.loc.gov/authorities/names/no2008187813
"Groesbeck, Alexander J., 1873-1953.",lcnaf,http://id.loc.gov/authorities/names/no2008187813
"Grofe, Ferde, 1892-1972.",lcnaf,
"Gronouski, John A. (John Austin), 1919-1996",lcnaf,http://id.loc.gov/authorities/names/n81047214
"Gronvall, John Arnold, 1931-",lcnaf,
"Gropius, Walter, 1883-1969.",lcnaf,http://id.loc.gov/authorities/names/n80076591
"Grosvenor, Ebenezer Oliver, 1820-1910.",lcnaf,
"Grosvenor, Gilbert Hovey, 1875-1966.",lcnaf,http://id.loc.gov/authorities/names/n86025505
"Grosvenor, Melville Bell, 1901-1982.",lcnaf,http://id.loc.gov/authorities/names/n50032967
"Groves, Leslie R., 1896-1970.",lcnaf,http://id.loc.gov/authorities/names/n82207782
"Gruening, Ernest, 1887-1974.",lcnaf,http://id.loc.gov/authorities/names/n50070292
"Gruenther, Alfred M. (Alfred Maximilian), 1899-1983",lcnaf,http://id.loc.gov/authorities/names/n94073311
"Grutter, Barbara.",lcnaf,http://id.loc.gov/authorities/names/no2003033773
"Guerard, Albert Leon, 1880-1959.",lcnaf,http://id.loc.gov/authorities/names/n50035580
"Guest, Edgar A. (Edgar Albert), 1881-1959.",lcnaf,http://id.loc.gov/authorities/names/n86137853
"Guest, Edgar A. (Edgar Albert), 1912-",lcnaf,
"Guffey, Joseph F., 1870-1959.",lcnaf,http://id.loc.gov/authorities/names/n88277645
"Guido, Michael A.",lcnaf,
"Guild, Curtis, 1860-1915.",lcnaf,http://id.loc.gov/authorities/names/n92122084
"Guillemin, V., 1937-",lcnaf,http://id.loc.gov/authorities/names/n81034910
"Guinan, James.",lcnaf,
"Gundlach, Robert.",lcnaf,http://id.loc.gov/authorities/names/n85322413
"Gunia, Larry.",lcnaf,
"Gunn, Moses, 1822-1887.",lcnaf,http://id.loc.gov/authorities/names/n96801710
"Gunther, John, 1901-1970.",lcnaf,http://id.loc.gov/authorities/names/n50020329
"Gurin, Gerald, 1922-",lcnaf,http://id.loc.gov/authorities/names/n79076062
"Gurin, Patricia.",lcnaf,http://id.loc.gov/authorities/names/n88179037
"Guthe, Carl E. (Carl Eugen), 1893-1974",lcnaf,http://id.loc.gov/authorities/names/n80109844
"Guthe, Carl Eugen, 1893-",lcnaf,
"Guthe, Karl Eugen, 1866-1915.",lcnaf,http://id.loc.gov/authorities/names/n87833702
"Guthrie, Helen Stephenson.",lcnaf,
"Guthrie, James W. (James Welch), 1827-1911.",lcnaf,
"Guthrie, John.",lcnaf,
"Guthrie, Kenneth Sylvan, 1871-1940.",lcnaf,http://id.loc.gov/authorities/names/n87908112
"Gutiérrez, Lorraine M.",lcnaf,
"Gutiérrez, Lorraine M. (Lorraine Margot)",lcnaf,
"Günther, Albert C. L. G. (Albert Carl Ludwig Gotthilf), 1830-1914.",lcnaf,
"Haas, Karl.",lcnaf,
"Haber, Barbara.",lcnaf,http://id.loc.gov/authorities/names/n78030864
"Haber, Fannie.",lcnaf,
"Haber, Fritz, 1868-1934.",lcnaf,http://id.loc.gov/authorities/names/n86864480
"Haber, Samuel.",lcnaf,http://id.loc.gov/authorities/names/n90687067
"Haber, William, 1899-1988.",lcnaf,http://id.loc.gov/authorities/names/nr90022702
"Hack, Bethuel.",lcnaf,
"Hackett, Lewis Wendell, 1884-1962.",lcnaf,
"Hadley, Arthur Twining, 1856-1930.",lcnaf,http://id.loc.gov/authorities/names/n50020644
"Haener, Dorothy, 1917-",lcnaf,
"Haessler, Carl, 1888-1972.",lcnaf,http://id.loc.gov/authorities/names/n90692952
"Hagedorn, Hermann, 1882-1964.",lcnaf,http://id.loc.gov/authorities/names/n78093734
"Hager, Joseph A.",lcnaf,
"Haggard, Fred V., 1904-",lcnaf,
"Haggard, Sewell, 1879-1928.",lcnaf,
"Hahnemann, Samuel, 1755-1843.",lcnaf,http://id.loc.gov/authorities/names/n81043526
"Haidostian, Alice Berberian.",lcnaf,
"Haig, Alexander Meigs, 1924-",lcnaf,
"Haigh, Henry A. (Henry Allyn), b. 1854.",lcnaf,
"Haight, Cameron.",lcnaf,
"Haile Selassie I, Emperor of Ethiopia, 1892-1975.",lcnaf,http://id.loc.gov/authorities/names/n79043431
"Hailmann, W. N. (William Nicholas), 1836-1920.",lcnaf,http://id.loc.gov/authorities/names/no90008003
"Haines, Blanche Moore, 1865-1944.",lcnaf,
"Haisley, Otto Webster, 1884-1959.",lcnaf,
"Haislip, Edward Watson, 1886-1965.",lcnaf,
"Hale, Edward Everett, 1822-1909.",lcnaf,http://id.loc.gov/authorities/names/n80126060
"Hale, Edward Everett, Sr., 1822-1909.",lcnaf,http://id.loc.gov/authorities/names/n80126060
"Hale, Eugene, 1836-1918.",lcnaf,http://id.loc.gov/authorities/names/no95060659
"Hale, Warren.",lcnaf,
"Hale, William J. (William Jay), b. 1876.",lcnaf,
"Hale, William, 1809-1874.",lcnaf,
"Haley, William, Sir, 1901-",lcnaf,
"Hall, Alice.",lcnaf,
"Hall, Arthur Graham, 1865-1925.",lcnaf,http://id.loc.gov/authorities/names/n85807909
"Hall, Asaph, 1859-1930.",lcnaf,http://id.loc.gov/authorities/names/n97085188
"Hall, Bolton, 1854-1938.",lcnaf,http://id.loc.gov/authorities/names/n86001382
"Hall, Catherine Mullett, b. 1817.",lcnaf,
"Hall, Charles P.",lcnaf,
"Hall, Donald.",lcnaf,
"Hall, E. K. (Edward Kimball), 1870-1932.",lcnaf,
"Hall, Edward, 1887-",lcnaf,
"Hall, Emma Amelia, 1837-1884.",lcnaf,
"Hall, Frank A., 1894-1972.",lcnaf,
"Hall, Frederick, 1816-1883.",lcnaf,
"Hall, G. Stanley (Granville Stanley), 1844-1924.",lcnaf,http://id.loc.gov/authorities/names/n50018796
"Hall, Gwendolyn Midlo, 1929-",lcnaf,
"Hall, Gwendolyn Midlo.",lcnaf,http://id.loc.gov/authorities/names/n91127938
"Hall, Haywood, 1898-",lcnaf,
"Hall, James Parker, 1871-1928.",lcnaf,http://id.loc.gov/authorities/names/n87856713
"Hall, James, 1811-1898.",lcnaf,http://id.loc.gov/authorities/names/n87827736
"Hall, Leonard W. (Leonard Wood), 1900-1979",lcnaf,http://id.loc.gov/authorities/names/n93030170
"Hall, Milton.",lcnaf,http://id.loc.gov/authorities/names/no2001091046
"Hall, Robert B. (Robert Burnett), 1896-1975",lcnaf,http://id.loc.gov/authorities/names/nr93013332
"Halleck, Charles A. (Charles Abraham), 1900-1986.",lcnaf,http://id.loc.gov/authorities/names/n91060224
"Haller, Douglas M.",lcnaf,http://id.loc.gov/authorities/names/no99054928
"Hallinan, Vincent.",lcnaf,http://id.loc.gov/authorities/names/n82099656
"Halsey, Elizabeth, b. 1890.",lcnaf,
"Halsey, R. H.",lcnaf,
"Halstead, Claribel Baird, 1904-",lcnaf,
"Halstead, J.",lcnaf,
"Halstead, William Perdue.",lcnaf,http://id.loc.gov/authorities/names/n79106282
"Hamblen, Stuart, 1908-1989",lcnaf,http://id.loc.gov/authorities/names/n93029097
"Hamilton, Alice, 1869-1970.",lcnaf,http://id.loc.gov/authorities/names/n82062584
"Hamilton, Charles D.",lcnaf,
"Hamilton, Edward LaRue, 1857-1923.",lcnaf,
"Hamilton, George L. (George Livingstone), 1874-1940.",lcnaf,http://id.loc.gov/authorities/names/nr99020419
"Hamilton, Guy.",lcnaf,
"Hamilton, John Daniel Miller, 1892-",lcnaf,
"Hamilton, John W.",lcnaf,
"Hamilton, John, 1843-1921.",lcnaf,http://id.loc.gov/authorities/names/no2005105028
"Hamilton-Smith, Sue.",lcnaf,
"Hamlin, Hannibal, 1809-1891.",lcnaf,http://id.loc.gov/authorities/names/n88070962
"Hamlin, Talbot, 1889-1956.",lcnaf,http://id.loc.gov/authorities/names/n86017482
"Hammaker, Wilbur Emery, 1876-1968.",lcnaf,
"Hammerstein, Oscar, 1895-1960.",lcnaf,http://id.loc.gov/authorities/names/n50020012
"Hammond, Emily V. (Emily Vanderbilt Sloane), 1874-1970",lcnaf,http://id.loc.gov/authorities/names/no2012074547
"Hammond, Ethel.",lcnaf,
"Hammond, Fred",lcnaf,
"Hammond, Fred David.",lcnaf,
"Hammond, John Henry, 1871-1949.",lcnaf,http://id.loc.gov/authorities/names/no2002108299
"Hammond, Matthew B., 1904-",lcnaf,
"Hammond, William G. (William Gardiner), 1829-1894.",lcnaf,http://id.loc.gov/authorities/names/n85363407
"Hampton, C. G.",lcnaf,
"Hampton, Carlos D.",lcnaf,
"Hampton, Charles S., 1856-1917.",lcnaf,
"Hampton, Corneia C.",lcnaf,
"Hampton, Cornelia D.",lcnaf,
"Hampton, George P., d. 1921.",lcnaf,
"Hampton, Will E., 1864-1959.",lcnaf,
"Hanchett, Benjamin Sawtell, 1868-1933.",lcnaf,
"Handlin, Oscar, 1915-2011",lcnaf,http://id.loc.gov/authorities/names/n79043414
"Hanes, Clarence R. (Clarence Robert), 1874-1956",lcnaf,http://id.loc.gov/authorities/names/no2013112873
"Hanes, John W. (John Wesley), 1892-1987",lcnaf,http://id.loc.gov/authorities/names/no2009001056
"Hanke, Lewis Ulysses, 1905-",lcnaf,
"Hankerd, Marian T.",lcnaf,
"Hankerd, Patrick, 1845-1911.",lcnaf,
"Hankinson, Thomas L. (Thomas Leroy), 1876-",lcnaf,
"Hankinson, Thomas Leroy, 1876-1935",lcnaf,
"Hankinson, Thomas Leroy, 1876-1937.",lcnaf,
"Hanna, George.",lcnaf,
"Hanna, Isaac, 1848-1908.",lcnaf,
"Hanna, Marcus Alonzo, 1837-1904.",lcnaf,http://id.loc.gov/authorities/names/n50082280
"Hannah, Harold.",lcnaf,
"Hannah, John A., 1902-1991",lcnaf,http://id.loc.gov/authorities/names/n80131961
"Hansen, Gerhard.",lcnaf,
"Hansen, Hans.",lcnaf,
"Hanshue, J. J.",lcnaf,
"Hansknecht, Joseph L, 1923-",lcnaf,http://id.loc.gov/authorities/names/no2003126794
"Hanson, Eric.",lcnaf,
"Hanson, Howard, 1896-1981",lcnaf,http://id.loc.gov/authorities/names/n79089449
"Hantzsch, A.",lcnaf,
"Hapgood, Norman, 1868-1937.",lcnaf,http://id.loc.gov/authorities/names/n86070560
"Hapgood, William Powers, 1872-1960.",lcnaf,
"Harbord, James G. (James Guthrie), 1866-1947.",lcnaf,http://id.loc.gov/authorities/names/n86011979
"Harbour, James E.",lcnaf,http://id.loc.gov/authorities/names/no2009044692
"Harcourt, Bert.",lcnaf,
"Hard, Anne.",lcnaf,
"Hard, William, 1878-1962.",lcnaf,http://id.loc.gov/authorities/names/n90623961
"Harden, Elaine.",lcnaf,
"Harding, Ann, 1904-1981.",lcnaf,
"Harding, Warren G. (Warren Gamaliel), 1865-1923.",lcnaf,http://id.loc.gov/authorities/names/n50023001
"Hardman, J. B. S. (Jacob Benjamin Salutsky), 1882-1968.",lcnaf,http://id.loc.gov/authorities/names/n50020605
"Hardy, Ralph W.",lcnaf,
"Hardy, Thomas Masterman, Sir, 1st bart., 1769-1839.",lcnaf,
"Hare, James M. (James McNeil), 1910-1980",lcnaf,http://id.loc.gov/authorities/names/no2010145097
"Hares, Susan.",lcnaf,
"Hargitt, Edward.",lcnaf,
"Haring, C. H. (Clarence Henry), 1885-1960.",lcnaf,http://id.loc.gov/authorities/names/n50057505
"Haring, Samuel K.",lcnaf,
"Harkin, Tom.",lcnaf,http://id.loc.gov/authorities/names/n89642576
"Harkness, Douglas Scott, 1903-",lcnaf,
"Harlan, John Marshall, 1833-1911.",lcnaf,http://id.loc.gov/authorities/names/n78091239
"Harllee, William Curry, 1877-1944.",lcnaf,http://id.loc.gov/authorities/names/n85237246
"Harlow, Amos R.",lcnaf,
"Harlow, Charles.",lcnaf,
"Harlow, Ella.",lcnaf,
"Harlow, Ellen J.",lcnaf,
"Harmon, Tom, 1919-1990.",lcnaf,http://id.loc.gov/authorities/names/no2004054688
"Harmon, Tom.",lcnaf,
"Harms, George W., 1921-1993.",lcnaf,
"Harms, Marguerite.",lcnaf,
"Harper, William Rainey, 1856-1906.",lcnaf,http://id.loc.gov/authorities/names/n50026087
"Harrah-Conforth, Bruce Michael, 1950-",lcnaf,
"Harriman, John, collector.",lcnaf,
"Harriman, Karl Edwin, 1875-1935.",lcnaf,http://id.loc.gov/authorities/names/no2003086952
"Harriman, W. Averell (William Averell), 1891-1986.",lcnaf,http://id.loc.gov/authorities/names/n50057502
"Harrington, Donald Szantho.",lcnaf,http://id.loc.gov/authorities/names/n81128280
"Harrington, Donald.",lcnaf,
"Harrington, Mark Walrod, 1848-1926.",lcnaf,http://id.loc.gov/authorities/names/no2004054718
"Harris, Fred R., 1930-",lcnaf,http://id.loc.gov/authorities/names/n79117243
"Harris, Frederick Brown.",lcnaf,
"Harris, Richard E., 1902-",lcnaf,
"Harris, Robert J.",lcnaf,
"Harris, Samuel Smith, 1841-1888.",lcnaf,http://id.loc.gov/authorities/names/no92004243
"Harris, Seymour Edwin, 1897-1974.",lcnaf,http://id.loc.gov/authorities/names/n50032640
"Harris, Thomas L. (Thomas Le Grand), 1863-1941.",lcnaf,
"Harris, Virginia.",lcnaf,
"Harris, William.",lcnaf,
"Harrison, Alice.",lcnaf,
"Harrison, Benjamin, 1833-1901.",lcnaf,http://id.loc.gov/authorities/names/n50026594
"Harrison, Elizabeth, 1849-1927.",lcnaf,http://id.loc.gov/authorities/names/n87872542
"Harrison, Francis Burton, 1873-1957.",lcnaf,http://id.loc.gov/authorities/names/n80020745
"Harrison, G. B. (George Bagshawe), 1894-",lcnaf,
"Harrison, G. B. (George Bagshawe), 1894-1991",lcnaf,http://id.loc.gov/authorities/names/n80020447
"Harrison, George Russell, 1898-1979",lcnaf,http://id.loc.gov/authorities/names/n50025871
"Harrison, Gilbert A., 1915-",lcnaf,
"Harrison, Henry.",lcnaf,
"Harrison, William Henry, 1773-1841.",lcnaf,http://id.loc.gov/authorities/names/n85345431
"Hart, Adelaide J., 1900-1995",lcnaf,
"Hart, Adelaide, 1900-",lcnaf,
"Hart, Albert Bushnell, 1854-1943.",lcnaf,http://id.loc.gov/authorities/names/n50032646
"Hart, Jane Briggs.",lcnaf,
"Hart, Joseph K. (Joseph Kinmont), 1876-1949",lcnaf,http://id.loc.gov/authorities/names/no94017476
"Hart, Merwin Kimball, 1881-1962.",lcnaf,http://id.loc.gov/authorities/names/n88172297
"Hart, Michael James, 1877-1951.",lcnaf,
"Hart, Mike.",lcnaf,
"Hart, Philip A. (Philip Aloysius), 1912-1976.",lcnaf,http://id.loc.gov/authorities/names/n87870675
"Hartford, David M.",lcnaf,
"Hartigan, John D.",lcnaf,
"Hartke, Vance.",lcnaf,
"Hartman, Carl Gottfried, 1879-1968.",lcnaf,http://id.loc.gov/authorities/names/n85810327
"Hartman, Don.",lcnaf,
"Hartman, Millie.",lcnaf,
"Harts, William.",lcnaf,
"Hartt, Charles Frederick, 1840-1878.",lcnaf,http://id.loc.gov/authorities/names/n85811795
"Hartweg, Norman E.",lcnaf,
"Hartwick, Edward N.",lcnaf,
"Hartwig, Marie Dorothy, 1906-",lcnaf,
"Hartwig, Marie Dorothy.",lcnaf,
"Hartzell, Morton C., Mrs.",lcnaf,
"Harvey, Charles Thompson, 1829-1912.",lcnaf,http://id.loc.gov/authorities/names/n85306243
"Harvey, E. Newton (Edmund Newton), 1887-1959.",lcnaf,http://id.loc.gov/authorities/names/n85806157
"Harvey, James, 1922-",lcnaf,http://id.loc.gov/authorities/names/n92109141
"Harvey, Samuel Clark, 1886-",lcnaf,
"Harvill, Richard Anderson, 1905-",lcnaf,http://id.loc.gov/authorities/names/no2001080035
"Haskins, Charles Homer, 1870-1937.",lcnaf,http://id.loc.gov/authorities/names/n82024600
"Hassel, Odd, 1897-1981",lcnaf,http://id.loc.gov/authorities/names/nb2007009324
"Hassen, Aliya, 1910-1990.",lcnaf,
"Hassler, Alfred.",lcnaf,
"Hastorf, Albert H., 1920-",lcnaf,http://id.loc.gov/authorities/names/n79043592
"Hatch, Carl A., 1889-1963.",lcnaf,
"Hatch, Henry W.",lcnaf,
"Hatch, Henry.",lcnaf,
"Hatch, Rufus, 1785-1825.",lcnaf,
"Hatcher, Anne.",lcnaf,
"Hatcher, Harlan Henthorn, 1898-",lcnaf,
"Hatcher, Harlan Henthorne, 1898-",lcnaf,
"Hatcher, Harlan, 1898-1998.",lcnaf,http://id.loc.gov/authorities/names/n50033375
"Hatfield, Malcolm Keith, 1900-1961.",lcnaf,
"Hatfield, Mark O., 1922-2011",lcnaf,http://id.loc.gov/authorities/names/n79076066
"Hatfield, Patricia.",lcnaf,
"Hathaway, F. R.",lcnaf,
"Hathaway, Mary.",lcnaf,
"Hathaway, Will.",lcnaf,
"Hattley, Joseph, 1904-",lcnaf,
"Haushalter, Walter.",lcnaf,
"Haven, E. O. (Erastus Otis), 1820-1881.",lcnaf,http://id.loc.gov/authorities/names/n85363436
"Haven, Gilbert, 1821-1880.",lcnaf,http://id.loc.gov/authorities/names/nr92038533
"Havighurst, Walter, 1901-1994",lcnaf,http://id.loc.gov/authorities/names/n79097276
"Haviland, Dale.",lcnaf,http://id.loc.gov/authorities/names/no98133472
"Haviland, Laura S. (Laura Smith), 1808-1898.",lcnaf,http://id.loc.gov/authorities/names/n88608019
"Havstad, Jeaneane.",lcnaf,
"Hawes, Harry B.",lcnaf,
"Hawley, Joseph R. (Joseph Roswell), 1826-1905.",lcnaf,http://id.loc.gov/authorities/names/n85207700
"Hawley, Willis Chatman.",lcnaf,
"Hay, John, 1838-1905.",lcnaf,http://id.loc.gov/authorities/names/n80002568
"Hay, Oliver Perry, 1846-1930.",lcnaf,http://id.loc.gov/authorities/names/n83828501
"Hay, Regina, 1896-",lcnaf,
"Hayakawa, S. I. (Samuel Ichiyé), 1906-",lcnaf,
"Hayden, Carl Trumbull, 1877-1972.",lcnaf,http://id.loc.gov/authorities/names/n83156945
"Hayden, Elizabeth Olivia Hall.",lcnaf,
"Hayden, Jay G., 1884-1971.",lcnaf,
"Hayden, Joseph Ralston, 1887-1945.",lcnaf,http://id.loc.gov/authorities/names/n85252398
"Hayden, Martin Scholl, 1912-",lcnaf,
"Hayden, Robert Earl.",lcnaf,
"Hayden, Tom.",lcnaf,http://id.loc.gov/authorities/names/n80098112
"Haydock, Earl Henry.",lcnaf,
"Haydon, Arthur W., 1844-1918.",lcnaf,
"Haydon, Charles B., 1834-1864.",lcnaf,http://id.loc.gov/authorities/names/n92120940
"Hayek, Friedrich A. von (Friedrich August), 1899-1992",lcnaf,http://id.loc.gov/authorities/names/n80126331
"Hayes, Carlton Joseph Huntley, 1882-1964.",lcnaf,http://id.loc.gov/authorities/names/n50025136
"Hayes, E. A. (Everis Anson), 1855-1942.",lcnaf,http://id.loc.gov/authorities/names/n86869621
"Hayes, H. Jaye.",lcnaf,
"Hayes, Jay Orley, 1857-1948.",lcnaf,
"Hayes, Rutherford Birchard, 1822-1893.",lcnaf,http://id.loc.gov/authorities/names/n50025146
"Haynes, Harley Armand, 1875-",lcnaf,
"Haynes, Rick.",lcnaf,http://id.loc.gov/authorities/names/no2006092083
"Haynes, Royal Storrs, 1877-",lcnaf,http://id.loc.gov/authorities/names/n84146879
"Hays, Arthur Garfield, 1881-1954.",lcnaf,http://id.loc.gov/authorities/names/n82013438
"Hays, Will H. (Will Harrison), 1879-1954.",lcnaf,http://id.loc.gov/authorities/names/n86012004
"Hays, William L. (William Lee), 1926-1995",lcnaf,http://id.loc.gov/authorities/names/n50034047
"Hays-Hamilton, Barbara.",lcnaf,
"Hayward, Charles F.",lcnaf,
"Hayward, Ralph A., 1895-1951.",lcnaf,
"Haywood, Harry, 1898-",lcnaf,
"Hazlitt, Henry, 1894-1993",lcnaf,http://id.loc.gov/authorities/names/n50025840
"Hazzard, Florence W. (Florence Woolsey)",lcnaf,
"Headlee, Richard H. (Richard Harold), 1930-2004",lcnaf,http://id.loc.gov/authorities/names/no93027777
"Headlee, Richard H., 1930-2004",lcnaf,
"Headley, C. B.",lcnaf,
"Heady, Ferrel.",lcnaf,http://id.loc.gov/authorities/names/n79021718
"Heafield, John.",lcnaf,
"Heard, Alexander.",lcnaf,
"Heard, Gerald, 1889-1971.",lcnaf,http://id.loc.gov/authorities/names/n50025601
"Hearst, William Randolph, 1863-1951.",lcnaf,http://id.loc.gov/authorities/names/n80004058
"Heath, Alex, collector.",lcnaf,
"Heath, Alex.",lcnaf,
"Heath, Edwin R.",lcnaf,
"Heath, Homer L.",lcnaf,
"Heath, Ivon D.",lcnaf,
"Heath, William B.",lcnaf,
"Heaton, Paul C.",lcnaf,http://id.loc.gov/authorities/names/n00098827
"Hebard, Charles, 1831-1902.",lcnaf,
"Hechinger, Fred M.",lcnaf,http://id.loc.gov/authorities/names/n50027373
"Hecht, Ben, 1894-1964.",lcnaf,http://id.loc.gov/authorities/names/n81110576
"Hedetniemi, Charles J.",lcnaf,
"Hedrick, E. R. (Earle Raymond), 1876-1943.",lcnaf,http://id.loc.gov/authorities/names/n85808772
"Hegedus, Arleen.",lcnaf,
"Heger, Frank.",lcnaf,
"Heifetz, Jascha, 1901-1987",lcnaf,http://id.loc.gov/authorities/names/n82025113
"Heineman, David Emil, 1865-1935.",lcnaf,
"Heisenberg, Werner, 1901-1976.",lcnaf,http://id.loc.gov/authorities/names/n50029198
"Hekman, Edward John, 1914-",lcnaf,
"Hektoen, Ludvig, 1863-1951.",lcnaf,http://id.loc.gov/authorities/names/no91019820
"Helber, Adolph.",lcnaf,
"Helck, Peter, 1893-1988",lcnaf,http://id.loc.gov/authorities/names/n2005003977
"Heler, Ann.",lcnaf,
"Heller, Ernest.",lcnaf,
"Heller, John R. (John Roderick), 1905-",lcnaf,http://id.loc.gov/authorities/names/n85074893
"Heller, Joseph.",lcnaf,http://id.loc.gov/authorities/names/n79100545
"Hellman, Lillian, 1905-1984.",lcnaf,http://id.loc.gov/authorities/names/n78086393
"Hellyer, Paul Theodore, 1923-",lcnaf,http://id.loc.gov/authorities/names/n84066406
"Helme, James W., 1860-1938.",lcnaf,
"Helmecke, Carl Albert.",lcnaf,
"Helmecke, Marie Gertrud.",lcnaf,
"Helmer, L. May.",lcnaf,
"Helsell, Frank Pritchard, 1886-1966.",lcnaf,
"Hemans, Charles Fitch, 1896-",lcnaf,
"Hemans, Lawton T. (Lawton Thomas), 1864-1916.",lcnaf,http://id.loc.gov/authorities/names/nr88002528
"Hemingway, Ernest, 1899-1961.",lcnaf,http://id.loc.gov/authorities/names/n78078534
"Hempl, George, 1859-1921.",lcnaf,
"Hendel, Fred, 1916-.",lcnaf,http://id.loc.gov/authorities/names/n87833702
"Henderson, C. Hanford (Charles Hanford), 1861-1941",lcnaf,http://id.loc.gov/authorities/names/n2001062102
"Henderson, Charles B.",lcnaf,
"Henderson, David Bremner, 1840-1906.",lcnaf,http://id.loc.gov/authorities/names/n88218777
"Henderson, Erma, 1917-",lcnaf,http://id.loc.gov/authorities/names/n2005025788
"Henderson, John W. (John Woodworth), 1916-",lcnaf,
"Henderson, Leon, 1895-1986",lcnaf,http://id.loc.gov/authorities/names/n87836169
"Henderson, Robert.",lcnaf,
"Henderson, William D., b. 1866.",lcnaf,http://id.loc.gov/authorities/names/n87108037
"Henderson, Yandell, 1873-1944.",lcnaf,http://id.loc.gov/authorities/names/no97032170
"Heney, M. Alice, 1867-1941.",lcnaf,
"Henkelman, William, 1894-",lcnaf,
"Hennacy, Ammon, 1893-1970.",lcnaf,http://id.loc.gov/authorities/names/n90721773
"Henry, Carl F. H. (Carl Ferdinand Howard), 1913-2003",lcnaf,http://id.loc.gov/authorities/names/n79062840
"Henry, Joseph, 1797-1878.",lcnaf,http://id.loc.gov/authorities/names/n79023046
"Henry, Milton.",lcnaf,
"Henselt, Adolf von, 1814-1889.",lcnaf,http://id.loc.gov/authorities/names/n84012245
"Hentoff, Nat.",lcnaf,http://id.loc.gov/authorities/names/n50000219
"Herbert, J. Joseph, 1894-1956.",lcnaf,http://id.loc.gov/authorities/names/no2008189963
"Herbert, Victor, 1859-1924.",lcnaf,http://id.loc.gov/authorities/names/n79105792
"Herbst, Hartwig Heinrich, 1861-1929.",lcnaf,
"Herbst, William.",lcnaf,
"Herdman, Nan.",lcnaf,
"Herdman, William James, 1848-1906.",lcnaf,http://id.loc.gov/authorities/names/n2012186684
"Herford, Brooke, 1830-1903.",lcnaf,http://id.loc.gov/authorities/names/no93025320
"Herlong, Albert Sydney, 1909-1995",lcnaf,http://id.loc.gov/authorities/names/n85336714
"Hermann, Emil.",lcnaf,
"Herold, J. Downs.",lcnaf,http://id.loc.gov/authorities/names/n91008599
"Herrick, C. Judson (Charles Judson), 1868-1960.",lcnaf,http://id.loc.gov/authorities/names/n85807883
"Herrick, C. L. (Clarence Luther), 1858-1904.",lcnaf,http://id.loc.gov/authorities/names/n79069754
"Herrick, Cheesman Abiah, 1866-1956.",lcnaf,http://id.loc.gov/authorities/names/nr92031135
"Herrick, Francis Hobart, 1858-1940.",lcnaf,http://id.loc.gov/authorities/names/no2004028708
"Herring, Clyde L. (Clyde LaVerne), 1879-1945.",lcnaf,http://id.loc.gov/authorities/names/n85173290
"Herron, George Davis, 1862-1925.",lcnaf,http://id.loc.gov/authorities/names/n50036901
"Hersey, John, 1914-1993.",lcnaf,http://id.loc.gov/authorities/names/n79054652
"Hersey, Mark Leslie, 1863-1934.",lcnaf,http://id.loc.gov/authorities/names/no2009178591
"Hershey, Amos Shartle, 1867-1933.",lcnaf,http://id.loc.gov/authorities/names/n88002824
"Hershey, Lewis Blaine, 1893-1977",lcnaf,http://id.loc.gov/authorities/names/n84027682
"Hershey, Sharon.",lcnaf,
"Hersholt, Jean, 1886-1956.",lcnaf,http://id.loc.gov/authorities/names/n80017914
"Herstein, Lillian.",lcnaf,
"Hertel, Curtis.",lcnaf,
"Herter, Christian Archibald, 1895-1966.",lcnaf,http://id.loc.gov/authorities/names/n85156964
"Herz, Alice.",lcnaf,
"Herz, Helga.",lcnaf,
"Herzberg, Gerhard, 1904-1999",lcnaf,http://id.loc.gov/authorities/names/n85801693
"Hess, F--Map of Oakland County, Michigan.",lcnaf,
"Hester, Evett D.",lcnaf,
"Heston, Charlton.",lcnaf,http://id.loc.gov/authorities/names/n50033841
"Heusel, Ted",lcnaf,
"Hevesy, Georg von, 1885-1966.",lcnaf,http://id.loc.gov/authorities/names/n82024885
"Hewitt, Charles Henry, 1900-",lcnaf,
"Heyerdahl, Thor.",lcnaf,http://id.loc.gov/authorities/names/n79022279
"Heymann, Lida Gustava, 1868-1943.",lcnaf,http://id.loc.gov/authorities/names/n90689516
"Heyns, Roger W. (Roger William), 1918-1995",lcnaf,http://id.loc.gov/authorities/names/no99002180
"Heyns, Roger William, 1918-",lcnaf,
"Heyward, DuBose, 1885-1940.",lcnaf,http://id.loc.gov/authorities/names/n50041800
"Hibbard, James.",lcnaf,
"Hibbert, Lydia.",lcnaf,
"Hickenlooper, Bourke B. (Bourke Blakemore), 1896-1971.",lcnaf,http://id.loc.gov/authorities/names/n86034258
"Hickey, Edward J. (Edward John), b. 1893.",lcnaf,
"Hickman, John E., 1823-1898.",lcnaf,
"Hickok, Mildred.",lcnaf,
"Hicks, Granville, 1901-1982",lcnaf,http://id.loc.gov/authorities/names/n50035079
"Hicks, Louis V.",lcnaf,
"Hicks, Stewart F.",lcnaf,
"Hicks, W. J. Bryan.",lcnaf,
"Hicks, Welmer K., 1909-",lcnaf,
"Hierholzer, Lynn.",lcnaf,
"Higginbotham, William E.",lcnaf,
"Higgins, Anthony, 1840-1912.",lcnaf,http://id.loc.gov/authorities/names/n88661781
"Higgins, Sylvester W.",lcnaf,http://id.loc.gov/authorities/names/nr92027018
"Higginson, Francis John, 1804-1872.",lcnaf,
"Higginson, Mary Potter Thacher, 1844-1941.",lcnaf,http://id.loc.gov/authorities/names/n50034599
"Higginson, Thomas Wentworth, 1823-1911.",lcnaf,http://id.loc.gov/authorities/names/n50034600
"High, James L. (James Lambert), 1844-1898.",lcnaf,http://id.loc.gov/authorities/names/n86819433
"Hilberry, Clarence Beverly, 1902-",lcnaf,
"Hilbert, Morton S.",lcnaf,
"Hilbish, Thomas",lcnaf,
"Hildebrandi, Herbert W.",lcnaf,
"Hildebrandt, Herbert W.",lcnaf,
"Hildebrandt, Martha.",lcnaf,http://id.loc.gov/authorities/names/n87813509
"Hildebrandt, Paul.",lcnaf,http://id.loc.gov/authorities/names/n86872518
"Hildebrandt, Theophil Henry, 1888-",lcnaf,http://id.loc.gov/authorities/names/n87823944
"Hill, Albert Ross, 1847-1909.",lcnaf,
"Hill, Arthur, 1847-1909.",lcnaf,
"Hill, Charles A. (Charles Andrew), 1893-1970.",lcnaf,
"Hill, David Jayne, 1850-1932.",lcnaf,http://id.loc.gov/authorities/names/n86012023
"Hill, Frances M., 1807-1884.",lcnaf,
"Hill, George D.",lcnaf,
"Hill, George D., 1820-1881.",lcnaf,
"Hill, Georgia.",lcnaf,
"Hill, Harriet Raab.",lcnaf,
"Hill, Helen, 1915-",lcnaf,http://id.loc.gov/authorities/names/n80034971
"Hill, Joe, 1879-1915.",lcnaf,http://id.loc.gov/authorities/names/n83153066
"Hill, Lister, 1894-1984",lcnaf,http://id.loc.gov/authorities/names/n85363721
"Hill, Mary.",lcnaf,
"Hill, Merrick.",lcnaf,
"Hill, Norman Hingston, 1887-1971.",lcnaf,
"Hill, Norman Llewellyn, 1895-",lcnaf,http://id.loc.gov/authorities/names/no96052829
"Hill, Robert Thomas, 1858-1941.",lcnaf,http://id.loc.gov/authorities/names/n86871909
"Hillegonds, Paul C., 1949-",lcnaf,
"Hilliard, William Alexander, 1904-",lcnaf,
"Hillman, Sidney, 1887-1946.",lcnaf,http://id.loc.gov/authorities/names/n91003443
"Hiltner, W. A. (William Albert), 1914-",lcnaf,http://id.loc.gov/authorities/names/n85802523
"Hilton, Conrad N. (Conrad Nicholson), 1887-1979.",lcnaf,http://id.loc.gov/authorities/names/n85299089
"Hinsdale, Albert, 1809-1882.",lcnaf,
"Hinsdale, B. A. (Burke Aaron), 1837-1900.",lcnaf,http://id.loc.gov/authorities/names/n50034941
"Hinsdale, Ellen Clarinda, 1864-1958.",lcnaf,
"Hinsdale, Mary L.",lcnaf,http://id.loc.gov/authorities/names/n89661076
"Hinsdale, Mary Turner.",lcnaf,
"Hinsdale, Mildred, 1871-1971.",lcnaf,
"Hinsdale, W. B. (Wilbert B.), 1851-1944.",lcnaf,http://id.loc.gov/authorities/names/n84012363
"Hinshaw, Virgil G. (Virgil Goodman), 1876-1952.",lcnaf,
Hippocrates.,lcnaf,
"Hiss, Alger.",lcnaf,http://id.loc.gov/authorities/names/n79059600
"Hitchcock, Charles H. (Charles Henry), 1836-1919.",lcnaf,http://id.loc.gov/authorities/names/n87810838
"Hitchcock, Ethan Allen, 1835-1909.",lcnaf,http://id.loc.gov/authorities/names/no2007120491
"Hitchcock, Frank H. (Frank Harris), 1867-1935.",lcnaf,http://id.loc.gov/authorities/names/n84034811
"Hitchcock, Gilbert M. (Gilbert Monell), 1859-1934.",lcnaf,http://id.loc.gov/authorities/names/n89103708
"Hitchcock, Henry, 1829-1902.",lcnaf,http://id.loc.gov/authorities/names/n87856685
"Hoad, William Christian, 1874-1962.",lcnaf,
"Hoag, Gerald H.",lcnaf,
"Hoar, George Frisbie, 1826-1904.",lcnaf,http://id.loc.gov/authorities/names/n81026563
"Hoard, W. D. (William Dempster), 1836-1918.",lcnaf,http://id.loc.gov/authorities/names/n85007838
"Hobbs, William Herbert, 1864-1952.",lcnaf,http://id.loc.gov/authorities/names/n86869592
"Hobby, Oveta Culp, 1905-1995",lcnaf,http://id.loc.gov/authorities/names/n87837276
"Hocking, William Ernest, 1873-1966.",lcnaf,http://id.loc.gov/authorities/names/n50034616
"Hodder, Frank Heywood, 1860-1935.",lcnaf,http://id.loc.gov/authorities/names/n86802926
"Hodesh, Mark.",lcnaf,http://id.loc.gov/authorities/names/n94059498
"Hodge, Gerald P.",lcnaf,
"Hodge, Max.",lcnaf,
"Hodges, Fred Jenner, 1895-",lcnaf,http://id.loc.gov/authorities/names/n87859448
"Hodges, Luther Hartwell, 1898-1974.",lcnaf,http://id.loc.gov/authorities/names/n86149171
"Hodges, Nan Powell.",lcnaf,http://id.loc.gov/authorities/names/n90713564
"Hodgkin, Henry Theodore, 1877-1933.",lcnaf,http://id.loc.gov/authorities/names/n80044964
"Hodkinson, Sydney.",lcnaf,http://id.loc.gov/authorities/names/n80149470
"Hoeft, Albert.",lcnaf,
"Hoey, Clyde Roark, 1877-1954.",lcnaf,http://id.loc.gov/authorities/names/n85265682
"Hoff, Nelville Soule, 1854-1926.",lcnaf,
"Hoff, Syd, 1912-2004",lcnaf,http://id.loc.gov/authorities/names/n78086441
"Hoffa, James R. (James Riddle), 1913-",lcnaf,http://id.loc.gov/authorities/names/n50031280
"Hoffius, Cornelius, 1881-1943.",lcnaf,
"Hoffius, Stuart, 1914-",lcnaf,
"Hoffman, Abbie.",lcnaf,http://id.loc.gov/authorities/names/n80065585
"Hoffman, Clare Eugene, 1875-1967.",lcnaf,
"Hoffman, Ellen.",lcnaf,
"Hoffman, H. L.",lcnaf,http://id.loc.gov/authorities/names/no99027580
"Hoffman, L. Wallace.",lcnaf,
"Hoffman, Paul G. (Paul Gray), 1891-1974.",lcnaf,http://id.loc.gov/authorities/names/n85091829
"Hoffman, Peter.",lcnaf,
"Hoffmaster, Percy James, 1892-",lcnaf,
"Hogan, Henry M.",lcnaf,
"Holbrook, Evans, 1875-1932.",lcnaf,http://id.loc.gov/authorities/names/no00079856
"Holbrook, Florence, 1860-1932.",lcnaf,http://id.loc.gov/authorities/names/n2002025723
"Holbrook, Robert S.",lcnaf,
"Holbrook, Sabra.",lcnaf,http://id.loc.gov/authorities/names/n79122446
"Holbrook, Stewart Hall, 1893-1964.",lcnaf,http://id.loc.gov/authorities/names/n79068384
"Holcomb, Paul.",lcnaf,
"Holcombe, Arthur N. (Arthur Norman), 1884-1977",lcnaf,http://id.loc.gov/authorities/names/n50042235
"Holden, Ebenezer G. D., 1845-1912.",lcnaf,
"Holdridge, Herbert C.",lcnaf,
"Holforty, Clifford W.",lcnaf,
"Holland, Jeep, 1943-1998.",lcnaf,
"Holland, Spessard L. (Spessard Lindsey), 1892-1971.",lcnaf,http://id.loc.gov/authorities/names/n85336717
"Hollander, Jacob Harry, 1871-1940.",lcnaf,http://id.loc.gov/authorities/names/n50035247
"Hollenshead, Carol.",lcnaf,http://id.loc.gov/authorities/names/n78032058
"Holley, James.",lcnaf,
"Hollingsworth, Peggie J.",lcnaf,http://id.loc.gov/authorities/names/n95045069
"Hollinshead, Kenneth J.",lcnaf,
"Hollister, Emily Jane Green, 1839-1918.",lcnaf,http://id.loc.gov/authorities/names/n94803146
"Hollister, Mary Chamberlin.",lcnaf,
"Hollister, Richard Dennis Teall, 1878-",lcnaf,http://id.loc.gov/authorities/names/n94803148
"Holman, Charles F.",lcnaf,
"Holmes, Blanche R.",lcnaf,
"Holmes, Burton, b. 1870.",lcnaf,
"Holmes, Harry.",lcnaf,
"Holmes, John Haynes, 1879-1964.",lcnaf,http://id.loc.gov/authorities/names/n80051345
"Holmes, Oliver Wendell, 1809-1894.",lcnaf,http://id.loc.gov/authorities/names/n80032729
"Holmes, Oliver Wendell, 1841-1935.",lcnaf,http://id.loc.gov/authorities/names/n79054782
"Holmes, Robert Bradford.",lcnaf,
"Holmes, Roy Hinman, 1882-1949.",lcnaf,
"Holmes, Susie.",lcnaf,
"Holmes, William Henry, 1846-1933.",lcnaf,http://id.loc.gov/authorities/names/n82130691
"Holquist, David J.",lcnaf,
"Holsaple, R. N.",lcnaf,
"Holst, Gustav, 1874-1934.",lcnaf,http://id.loc.gov/authorities/names/n79110487
"Holt, Hamilton, 1872-1951.",lcnaf,http://id.loc.gov/authorities/names/n90616630
"Holt, Henry, 1840-1926.",lcnaf,http://id.loc.gov/authorities/names/n86012052
"Holtwick, Enoch A., 1880?-1972.",lcnaf,
"Holtzoff, Alexander, 1886-1969",lcnaf,http://id.loc.gov/authorities/names/n87841676
"Holz, Emil Aaron.",lcnaf,http://id.loc.gov/authorities/names/no93011249
"Homs, Pablo.",lcnaf,
"Honey, Edward M.",lcnaf,
"Honigschmid, Otto.",lcnaf,
"Hoobler, Icie Gertrude Macy, 1892-",lcnaf,http://id.loc.gov/authorities/names/n82163936
"Hook, Frank Eugene, 1893-1982.",lcnaf,http://id.loc.gov/authorities/names/n2005064860
"Hooker, Blanche Ferry.",lcnaf,
"Hooker, Donald Russell, 1876-1946.",lcnaf,
"Hooks, Benjamin L. (Benjamin Lawson), 1925-2010",lcnaf,http://id.loc.gov/authorities/names/n93008751
"Hooper, Joseph Lawrence, 1877-1934.",lcnaf,http://id.loc.gov/authorities/names/no2008029078
"Hooper, Warren G.--Assassination.",lcnaf,
"Hooton, Caradine Ray, 1895-",lcnaf,
"Hoover, Herbert, 1874-1964.",lcnaf,http://id.loc.gov/authorities/names/n79021421
"Hoover, J. Edgar (John Edgar), 1895-1972.",lcnaf,http://id.loc.gov/authorities/names/n79077374
"Hopkins, Albert J. (Albert Jarvis), 1846-1922.",lcnaf,http://id.loc.gov/authorities/names/no95032798
"Hopkins, Charles Clark, b. 1849.",lcnaf,
"Hopkins, Enos, 1821-1896.",lcnaf,
"Hopkins, Ernest Martin, 1877-1964.",lcnaf,http://id.loc.gov/authorities/names/n89628593
"Hopkins, Harry L. (Harry Lloyd), 1890-1946.",lcnaf,http://id.loc.gov/authorities/names/n50028471
"Hopkins, Harry Lloyd, 1890-1946.",lcnaf,http://id.loc.gov/authorities/names/n50028471
"Hopkins, Louis Allen.",lcnaf,http://id.loc.gov/authorities/names/n85808770
"Hopkins, Samuel W., b. 1845.",lcnaf,
"Hopper, George C.",lcnaf,
"Hopper, Hedda, 1890-1966.",lcnaf,http://id.loc.gov/authorities/names/n85151608
"Hopwood, Avery, 1882-1928.",lcnaf,http://id.loc.gov/authorities/names/n79125874
"Hornaday, William Temple, 1854-1937.",lcnaf,http://id.loc.gov/authorities/names/n50028512
"Hornbeck, Stanley Kuhl, 1883-1966.",lcnaf,http://id.loc.gov/authorities/names/n81081857
"Hornberger, Theodore, 1906-1975.",lcnaf,http://id.loc.gov/authorities/names/n79066766
"Hornbostel, Earl, 1915-2001.",lcnaf,
"Horsford, M. C. Mrs., d.1859.",lcnaf,
"Horsky, Charles Antone.",lcnaf,
"Horton, Bryson Dexter, 1871-1945.",lcnaf,
"Horton, George B.",lcnaf,
"Horton, Willie, 1942-",lcnaf,http://id.loc.gov/authorities/names/n2001088056
"Horvath, William J., 1917-",lcnaf,http://id.loc.gov/authorities/names/no2004107411
"Hosmer, Craig, 1915-1982",lcnaf,http://id.loc.gov/authorities/names/no2013094911
"Hosmer, Ralph Sheldon, 1874-1963.",lcnaf,http://id.loc.gov/authorities/names/no2002060135
"Host, Margaret.",lcnaf,
"Hotzoff, Alexander.",lcnaf,
"Hough, Emerson, 1857-1923.",lcnaf,http://id.loc.gov/authorities/names/n50029243
"Houghton, Douglass, 1809-1845.",lcnaf,http://id.loc.gov/authorities/names/nr92024162
"Houghton, Jacob, 1827-1903.",lcnaf,http://id.loc.gov/authorities/names/nr2002044884
"Hourani, George Fadlo.",lcnaf,
"House, Edward Mandell, 1858-1938.",lcnaf,http://id.loc.gov/authorities/names/n80015582
"House, James S., 1944-",lcnaf,http://id.loc.gov/authorities/names/n80114940
"Housel, William S., 1901-",lcnaf,
"Housel, William Stuart, 1901-",lcnaf,
"Houseman, John.",lcnaf,
"Hovde, Frederick L., 1908-1983",lcnaf,http://id.loc.gov/authorities/names/n80101202
"Howard, Catherine.",lcnaf,
"Howard, Henry, 1833-1894.",lcnaf,
"Howard, Jacob Merritt, 1805-1871.",lcnaf,http://id.loc.gov/authorities/names/n85337407
"Howard, Martin.",lcnaf,
"Howard, Roy Wilson, 1883-1964.",lcnaf,http://id.loc.gov/authorities/names/n86070559
"Howard, William Alanson, 1813-1880.",lcnaf,http://id.loc.gov/authorities/names/nr93009208
"Howe, A. A. DeWolfe.",lcnaf,
"Howe, Frederic Clemson, 1867-1940.",lcnaf,http://id.loc.gov/authorities/names/n50029076
"Howe, Gordie, 1928-",lcnaf,http://id.loc.gov/authorities/names/n50029079
"Howe, Julia Ward, 1819-1910.",lcnaf,http://id.loc.gov/authorities/names/n50029084
"Howe, Louis McHenry, 1871-1936.",lcnaf,http://id.loc.gov/authorities/names/n89118383
"Howe, Robert Milton, 1925-",lcnaf,http://id.loc.gov/authorities/names/no2014078228
"Howell, Charles S., d. 1903.",lcnaf,
"Howell, Chester M., 1883-1965.",lcnaf,
"Howell, Jane.",lcnaf,
"Howell, Seymour, 1841-1909.",lcnaf,
"Howell, William Henry, 1860-1945.",lcnaf,http://id.loc.gov/authorities/names/n82017333
"Howells, John Mead, 1868-1959.",lcnaf,http://id.loc.gov/authorities/names/n88072926
"Howells, William Dean, 1837-1920.",lcnaf,http://id.loc.gov/authorities/names/n80002569
"Howes, Alan B.",lcnaf,http://id.loc.gov/authorities/names/n50028559
"Howland, William.",lcnaf,
"Hoxie, Robert Franklin, 1868-1916.",lcnaf,http://id.loc.gov/authorities/names/no99017678
"Hoyt, Anna.",lcnaf,
"Hubbard, Bela, 1814-1896--Michigan maps--Vol.8, Oakland and Livingston Counties.",lcnaf,
"Hubbard, Bela, 1814-1896.",lcnaf,http://id.loc.gov/authorities/names/n83196231
"Hubbard, E. W.",lcnaf,
"Hubbard, Edward K.",lcnaf,
"Hubbard, Elbert, 1856-1915.",lcnaf,http://id.loc.gov/authorities/names/n81090312
"Hubbard, Fred S.",lcnaf,
"Hubbard, Gurdon Saltonstall, 1802-1886.",lcnaf,http://id.loc.gov/authorities/names/n82001155
"Hubbard, Lucius L. (Lucius Lee), 1849-1933.",lcnaf,http://id.loc.gov/authorities/names/nr97041173
"Hubbard, Orville Liscum, 1903-1982.",lcnaf,http://id.loc.gov/authorities/names/n88286693
"Hubbard, William N.",lcnaf,
"Hubbard, William Neill, 1919-",lcnaf,
"Hubbell, Clarence, 1870-1950.",lcnaf,
"Hubbell, Grace Griffin.",lcnaf,
"Hubbell, Theodore H.",lcnaf,
"Hubbell, Theodore Huntington, 1897-1989.",lcnaf,http://id.loc.gov/authorities/names/no00039433
"Hubbell, Theodore, 1897-1989.",lcnaf,http://id.loc.gov/authorities/names/no00039433
"Hubbell, Winifred.",lcnaf,
"Hubbs, Carl L. (Carl Leavitt), 1894-1979.",lcnaf,http://id.loc.gov/authorities/names/n79103735
"Hubel, R. W.",lcnaf,
"Huber, Gotthelf Carl, 1865-1934.",lcnaf,
"Huber, Lucy Parker.",lcnaf,
"Hucker, Charles O.",lcnaf,
"Huckle, Thomas O., 1881-",lcnaf,
"Huddleston, Eugene L., 1931-",lcnaf,
"Hudson, Charles B.",lcnaf,
"Hudson, Grant Martin, 1868-1955.",lcnaf,http://id.loc.gov/authorities/names/no2008029408
"Hudson, Joseph L. (Joseph Lowthian), 1931-",lcnaf,
"Hudson, Joseph Lowthian, 1846-1912.",lcnaf,http://id.loc.gov/authorities/names/no2008186678
"Hudson, Manley O. (Manley Ottmer), 1886-1960",lcnaf,http://id.loc.gov/authorities/names/n50033171
"Hudson, Richard, 1845-1915.",lcnaf,http://id.loc.gov/authorities/names/n85221105
"Huebner, George J., 1910-",lcnaf,
"Huebner, Gertrude, 1915-",lcnaf,
"Huebsch, B. W. (Benjamin W.), 1876-1964.",lcnaf,http://id.loc.gov/authorities/names/n88027723
"Huene, Friederich R. Freiherr von, b. 1875.",lcnaf,
"Hufana, Alejandrino G.",lcnaf,http://id.loc.gov/authorities/names/n83043022
"Huffman, Horace M.",lcnaf,
"Hughes, Arthur.",lcnaf,
"Hughes, Charles Evans, 1862-1948.",lcnaf,http://id.loc.gov/authorities/names/n79006704
"Hughes, Howard, 1905-1976.",lcnaf,http://id.loc.gov/authorities/names/n79043370
"Hughes, Langston, 1902-1967.",lcnaf,http://id.loc.gov/authorities/names/n80014956
"Hughes, Percy, 1872-1952.",lcnaf,
"Hughes, Richard J. (Richard Joseph), 1909-1992",lcnaf,http://id.loc.gov/authorities/names/n78040085
"Hughes, Rupert, 1872-1956.",lcnaf,http://id.loc.gov/authorities/names/n86012047
"Hughes, Sarah T. (Sarah Tilghman), 1896-1985",lcnaf,http://id.loc.gov/authorities/names/n2004091402
"Hughes, Talmadge Coates, 1887-1963.",lcnaf,
"Hughes, Thomas Welburn, 1858-1907.",lcnaf,
"Hulbert, Henry Schoolcraft, 1869-1959.",lcnaf,
"Hulcher, Wendell E. (Wendell Ellsworth), 1922-1999.",lcnaf,
"Hulcher, Wendell Elsworth, 1922-",lcnaf,
"Hull, Charles Henry, b. 1864.",lcnaf,
"Hull, Clark Leonard, 1884-1952.",lcnaf,http://id.loc.gov/authorities/names/n50034374
"Hull, Cordell, 1871-1955.",lcnaf,http://id.loc.gov/authorities/names/n86012032
"Hull, Eliza Darling.",lcnaf,
"Hull, Frances Ball.",lcnaf,
"Hull, George L.",lcnaf,
"Hull, George M.",lcnaf,
"Hull, Isaac, 1773-1843.",lcnaf,http://id.loc.gov/authorities/names/n85018368
"Hull, Isabelle MacFarlane.",lcnaf,
"Hull, Ivan E., 1894-",lcnaf,
"Hull, Lawrence Cameron, d. 1916.",lcnaf,
"Hull, Leroy.",lcnaf,
"Hull, William, 1753-1825.",lcnaf,http://id.loc.gov/authorities/names/n85305941
"Hulst, Cornelia Steketee",lcnaf,
"Hulst, Cornelia Steketee, 1865-1957.",lcnaf,http://id.loc.gov/authorities/names/no2005054369
"Hultquist, Donald E.",lcnaf,
"Humphrey, George M. (George Magoffin), b. 1890.",lcnaf,
"Humphrey, Hubert H. (Hubert Horatio), 1911-1978.",lcnaf,http://id.loc.gov/authorities/names/n79026910
"Humphrey, Hubert, (Hubert Horatio), 1911-1978.",lcnaf,http://id.loc.gov/authorities/names/n79026910
"Humphrey, Hugh.",lcnaf,http://id.loc.gov/authorities/names/n81121660
"Humphrey, Norman Daymond.",lcnaf,http://id.loc.gov/authorities/names/no2003033195
"Humphrey, Watts S.",lcnaf,
"Humphreys, R. A. (Robert Arthur), 1907-1999",lcnaf,http://id.loc.gov/authorities/names/n81021902
"Humphreys, William, 1907-",lcnaf,
"Hunnawill, Dorothy.",lcnaf,
"Hunsaker, Walter Jerome, 1857-1939.",lcnaf,
"Hunt, Alma, 1909-",lcnaf,
"Hunt, H. L.",lcnaf,
"Hunt, James B., 1799-1857.",lcnaf,http://id.loc.gov/authorities/names/no2008077894
"Hunt, Jean Lee.",lcnaf,http://id.loc.gov/authorities/names/no2008153778
"Hunt, Lester Callaway, 1892-1954.",lcnaf,
"Hunt, Mary.",lcnaf,
"Hunt, Richard, 1935-",lcnaf,http://id.loc.gov/authorities/names/n91051257
"Hunt, Roy Arthur, 1881-1966.",lcnaf,http://id.loc.gov/authorities/names/n93017929
"Hunt, Washington, 1811-1867.",lcnaf,http://id.loc.gov/authorities/names/n85809079
"Hunter, Edward, 1902-1978.",lcnaf,http://id.loc.gov/authorities/names/n81040593
"Hunter, Larry.",lcnaf,
"Hunter, Nelly Nellis.",lcnaf,
"Hunter, Ruth McCullough.",lcnaf,
"Hunter, Woodrow Wilson, 1913-",lcnaf,http://id.loc.gov/authorities/names/n79026780
"Hunting, Joseph.",lcnaf,
"Huntington, E. V. (Edward Vermilye), 1874-1952.",lcnaf,http://id.loc.gov/authorities/names/n85800958
"Hurja, Emil, 1892-",lcnaf,
"Hurlbut, Wilbur Edson.",lcnaf,
"Hurley, George W., 1884-1943.",lcnaf,
"Hurley, Hula Gene.",lcnaf,
"Hurley, Patrick J. (Patrick Jay), 1883-1963.",lcnaf,http://id.loc.gov/authorities/names/n86081381
"Hurst, Ervin.",lcnaf,
"Hurst, Jack R., 1906-",lcnaf,
"Hussey, Erastus.",lcnaf,
"Hussey, Ethel Fountain, 1865-1915.",lcnaf,
"Hussey, John Milton.",lcnaf,
"Hussey, Mary C.",lcnaf,
"Hussey, Roland F.",lcnaf,
"Hussey, William Joseph, 1862-1926.",lcnaf,http://id.loc.gov/authorities/names/no2008189002
"Huston, Roscoe Burhans, 1881-",lcnaf,
"Hutchins, Carol.",lcnaf,http://id.loc.gov/authorities/names/n86817603
"Hutchins, Evert O. (Evert Olney), 1890-",lcnaf,
"Hutchins, Harry B. (Harry Burns), 1847-1930.",lcnaf,http://id.loc.gov/authorities/names/n88002366
"Hutchins, Harry B., 1847-1930.",lcnaf,http://id.loc.gov/authorities/names/n88002366
"Hutchins, Harry Crocker, 1880-1948.",lcnaf,
"Hutchins, Henry Clinton, b. 1889.",lcnaf,
"Hutchins, Henry Hudson, 1853-1933.",lcnaf,http://id.loc.gov/authorities/names/n95066627
"Hutchins, Lee Montgomery.",lcnaf,
"Hutchins, Robert Maynard, 1899-1977",lcnaf,http://id.loc.gov/authorities/names/n50030338
"Hutchinson, B. E. (B. Edwin), 1888-1961.",lcnaf,http://id.loc.gov/authorities/names/n88172632
"Hutchinson, J. Edward (Jesse Edward), 1914-1985",lcnaf,http://id.loc.gov/authorities/names/n85031963
"Hutchinson, Paul, 1890-1956.",lcnaf,http://id.loc.gov/authorities/names/no92011250
"Hutton, Edward Francis, 1877-1962.",lcnaf,
"Huxley, Aldous, 1894-1963.",lcnaf,http://id.loc.gov/authorities/names/n80057246
"Huxley, Julian, 1887-1975.",lcnaf,http://id.loc.gov/authorities/names/n80057245
"Hyde, Arthur K. (Arthur Knox)",lcnaf,
"Hyde, Eric C.",lcnaf,
"Hyde, Wesley W.",lcnaf,
"Hylan, John F., 1868-1936.",lcnaf,
"Hyma, Albert, 1893-1978",lcnaf,http://id.loc.gov/authorities/names/n50030381
"Hymans, Saul H.",lcnaf,http://id.loc.gov/authorities/names/n81134791
"Hérold, Ferdinand, ca. 1791-1833.",lcnaf,
"Hồ, Chí Minh, 1890-1969.",lcnaf,
"Iacocca, Lee A.",lcnaf,http://id.loc.gov/authorities/names/n82102536
"Ickes, Harold L. (Harold LeClair), 1874-1952.",lcnaf,http://id.loc.gov/authorities/names/n50031972
"Ide, Henry Clay, 1844-1921.",lcnaf,http://id.loc.gov/authorities/names/n00119321
"Iden, Thomas Medary, 1856-1933.",lcnaf,
"Iglehart, Robert Leslie, 1912-",lcnaf,
"Ingersoll, John N., 1817-1881.",lcnaf,
"Ingersoll, Robert Green, 1833-1899.",lcnaf,http://id.loc.gov/authorities/names/n50027131
"Inglis, J. Gall (James Gall), 1864-1939",lcnaf,http://id.loc.gov/authorities/names/n88601665
"Ingraham, Amelia P., 1822-1916.",lcnaf,
"Ingraham, Edward W., 1812-1881.",lcnaf,
"Ingram, H. Robert.",lcnaf,http://id.loc.gov/authorities/names/n88646403
"Ingram, R. C., 1899-",lcnaf,
"Innes, Forrest L., 1905-",lcnaf,
"Innes, William Powers, 1826-1893.",lcnaf,
"Innes, Wm. P. (William Powers), 1826-1893.",lcnaf,
"Innis, Ralph B.",lcnaf,
"Insull, Samuel, 1859-1938.",lcnaf,http://id.loc.gov/authorities/names/n91070264
"Ireland, John, 1838-1918.",lcnaf,http://id.loc.gov/authorities/names/n84028028
"Ireland, Mark Lorin.",lcnaf,
"Ironside, Edmund, Sir, 1880-1959.",lcnaf,http://id.loc.gov/authorities/names/n50037664
"Irwin, Fred C.",lcnaf,
"Irwin, Harriet S.",lcnaf,
"Irwin, James Leman, 1838-1864.",lcnaf,
"Irwin, John B.",lcnaf,http://id.loc.gov/authorities/names/n97064036
"Irwin, John E., b. 1841.",lcnaf,
"Irwin, Max H.",lcnaf,
"Irwin, William Bradford.",lcnaf,
"Isaacs, Bernard, 1882-1975.",lcnaf,http://id.loc.gov/authorities/names/no93000184
"Israel, Jerold H., 1934-",lcnaf,http://id.loc.gov/authorities/names/n79006856
"Ives, Irving McNeil, 1896-1962",lcnaf,http://id.loc.gov/authorities/names/n92118456
"Ives, Percy.",lcnaf,
"Ives, Sarah Edith.",lcnaf,
"Ives, William.",lcnaf,
"Ivey, Paul Wesley, 1890-",lcnaf,
"Ivy, A. C. (Andrew Conway), 1893-1978",lcnaf,http://id.loc.gov/authorities/names/n85074879
J. Jasmine.--My new music.,lcnaf,
"Jabara, Abdeen",lcnaf,
"Jabara, Abdeen, 1940-",lcnaf,http://id.loc.gov/authorities/names/n97036738
"Jacklin, Rufus W.",lcnaf,
"Jackson, Andrew, 1767-1845.",lcnaf,http://id.loc.gov/authorities/names/n79088888
"Jackson, Calvin C., 1814-1883.",lcnaf,
"Jackson, Darius C.",lcnaf,
"Jackson, Helen Hunt, 1830-1885.",lcnaf,http://id.loc.gov/authorities/names/n50027788
"Jackson, Henry M. (Henry Martin), 1912-1983.",lcnaf,http://id.loc.gov/authorities/names/n80002587
"Jackson, James S. (James Sidney), 1944-",lcnaf,http://id.loc.gov/authorities/names/n87942958
"Jackson, Jesse, 1941-",lcnaf,http://id.loc.gov/authorities/names/n50027794
"Jackson, Mahalia, 1911-1972.",lcnaf,http://id.loc.gov/authorities/names/n50027942
"Jackson, Robert Houghwout, 1892-1954.",lcnaf,http://id.loc.gov/authorities/names/n50027946
"Jackson, Walter Hinckley, 1840-1930.",lcnaf,
"Jacobi, A. (Abraham), 1830-1919.",lcnaf,http://id.loc.gov/authorities/names/n84805413
"Jacobs, Albert Charles, 1900-1976.",lcnaf,http://id.loc.gov/authorities/names/no2001009391
"Jacobs, Dick M., 1938-1993.",lcnaf,
"Jacobson, Elaine.",lcnaf,
"Jacobson, Harold Karan (1929-2001)",lcnaf,
"Jacobson, Harold Karan.",lcnaf,http://id.loc.gov/authorities/names/n82024029
"Jacquez, John A. (John Alfred), 1922-",lcnaf,http://id.loc.gov/authorities/names/n85028584
"Jakubowski, Waclaw S.",lcnaf,
"James, Edmund J. (Edmund Janes), 1855-1925.",lcnaf,http://id.loc.gov/authorities/names/n90675305
"James, Edward.",lcnaf,
"James, Edwin Leland, 1890-1951.",lcnaf,
"James, Howard M.",lcnaf,http://id.loc.gov/authorities/names/n2006055612
"James, Ivory.",lcnaf,http://id.loc.gov/authorities/names/n82246511
"James, Robert B.",lcnaf,
"James, William Francis, 1873-1945.",lcnaf,http://id.loc.gov/authorities/names/no2008029973
"James, William, 1842-1910.",lcnaf,http://id.loc.gov/authorities/names/n78095539
"Jameson, J. Franklin (John Franklin), 1859-1937.",lcnaf,http://id.loc.gov/authorities/names/n50028990
"Jamison, Andrew.",lcnaf,
"Jandy, Edward Clarence, 1899-",lcnaf,http://id.loc.gov/authorities/names/no2003118545
"Janeway, Eliot.",lcnaf,http://id.loc.gov/authorities/names/n50036705
"Jao, Shu-shih, 1901-",lcnaf,
"Jaques, Norman.",lcnaf,
"Jarocki, Walter.",lcnaf,
"Jarvis, James Jackson, 1818-1888.",lcnaf,
"Jastrow, Joseph, 1863-1944.",lcnaf,http://id.loc.gov/authorities/names/nr89014271
"Jastrow, Morris, 1861-1921.",lcnaf,http://id.loc.gov/authorities/names/n50037841
"Javits, Jacob K. (Jacob Koppel), 1904-1986.",lcnaf,http://id.loc.gov/authorities/names/n79056448
"Javitz, Jacob K. (Jacob Koppel), 1904-",lcnaf,
"Jay, Philip, 1898-",lcnaf,
"Jayne, Ira Waite, 1882-",lcnaf,
"Jayne, William.",lcnaf,
"Jefferson, Alexander, 1921-",lcnaf,http://id.loc.gov/authorities/names/n2004148363
"Jefferson, Alexander.",lcnaf,
"Jeffery, Edward Turner, 1843-1927.",lcnaf,http://id.loc.gov/authorities/names/n94007432
"Jeffrey, Mildred, 1911-2004.",lcnaf,http://id.loc.gov/authorities/names/n91023912
"Jeffrey, Sharon.",lcnaf,
"Jeffries, Edward J., 1864-1939.",lcnaf,
"Jeffries, Edward, 1900-1950",lcnaf,http://id.loc.gov/authorities/names/n96021654
"Jenkins, Cheri.",lcnaf,
"Jenkins, Guy H.",lcnaf,
"Jenkins, Guy Hugh.",lcnaf,
"Jenkins, Walter.",lcnaf,
"Jenks, Jeremiah Whipple, 1856-1929.",lcnaf,http://id.loc.gov/authorities/names/nr89011035
"Jenks, Stillman Visscher, 1895-1919.",lcnaf,
"Jenks, William Lee, 1856-1936.",lcnaf,http://id.loc.gov/authorities/names/no2009107151
"Jenner, William E. (William Ezra), 1908-1985",lcnaf,http://id.loc.gov/authorities/names/n91076627
"Jenner, William Le Baron, 1832-1907.",lcnaf,
"Jenney, William Le Baron, 1832-1907.",lcnaf,http://id.loc.gov/authorities/names/n78050673
"Jennings, Al J.",lcnaf,
"Jennings, H. S. (Herbert Spencer), 1868-1947.",lcnaf,http://id.loc.gov/authorities/names/n50076474
"Jennings, Jesse D. (Jesse David), 1909-1997",lcnaf,http://id.loc.gov/authorities/names/n79026682
"Jensen, Ejner J.",lcnaf,http://id.loc.gov/authorities/names/n80010540
"Jensen, Jens, 1860-1951.",lcnaf,http://id.loc.gov/authorities/names/n88151545
"Jensen, Kathryn.",lcnaf,
"Jensen, Martin.",lcnaf,
"Jenson, Jens, 1860-1951.",lcnaf,
"Jerome, David Howell, 1829-1896.",lcnaf,
"Jerome, James D., 1875-",lcnaf,
"Jerome, Thomas Spencer, 1864-1914.",lcnaf,http://id.loc.gov/authorities/names/nb2005007173
"Jerome, William S.",lcnaf,
"Jessup, Walter A. (Walter Albert), 1877-1944",lcnaf,http://id.loc.gov/authorities/names/n2012013244
"Jessye, Eva",lcnaf,
"Jessye, Eva, 1895-1992.",lcnaf,http://id.loc.gov/authorities/names/n87855922
Jesus Christ--African American interpretations.,lcnaf,
"Jeter, Derek, 1974-",lcnaf,
"Jewell, David A., b. 1828.",lcnaf,
"Jewell, Ogden.",lcnaf,
"Jewell, William Franklin.",lcnaf,
"Jewett, Henry Root.",lcnaf,
"Jickling, Clare Mason.",lcnaf,
"Jickling, John W.",lcnaf,
"Joachim, Joseph, 1831-1907.",lcnaf,http://id.loc.gov/authorities/names/n81033541
"Johanneson, Alexander.",lcnaf,
"Johansen, August E. (August Edgar), 1905-1995",lcnaf,http://id.loc.gov/authorities/names/no2009125191
"John Paul II, Pope, 1920-2005--Travel--Michigan--Detroit.",lcnaf,
"John Paul II, Pope, 1920-2005.",lcnaf,http://id.loc.gov/authorities/names/n78078345
"Johnson, Albert, 1869-1957.",lcnaf,http://id.loc.gov/authorities/names/n87890457
"Johnson, Alfred LeRoy.",lcnaf,
"Johnson, Allan Chester, 1881-1955.",lcnaf,http://id.loc.gov/authorities/names/nr93026685
"Johnson, Andrew, 1808-1875.",lcnaf,http://id.loc.gov/authorities/names/n79056304
"Johnson, Arthur L.",lcnaf,
"Johnson, Axel Petrus, 1878-1952.",lcnaf,
"Johnson, Brian K.",lcnaf,http://id.loc.gov/authorities/names/no98077665
"Johnson, Carl T.",lcnaf,
"Johnson, Chester.",lcnaf,
"Johnson, Clayton E., 1907-",lcnaf,
"Johnson, David.",lcnaf,
"Johnson, Edward Shurley, 1896-",lcnaf,
"Johnson, Edwin J., 1901-1968.",lcnaf,
"Johnson, Elias Finley, 1861-1933.",lcnaf,http://id.loc.gov/authorities/names/n86013736
"Johnson, Emory R. (Emory Richard), 1864-1950.",lcnaf,http://id.loc.gov/authorities/names/no92014616
"Johnson, Frank O., 1877-1950.",lcnaf,
"Johnson, Fred.",lcnaf,
"Johnson, Harold L. (Harold Lester), 1921-1980.",lcnaf,http://id.loc.gov/authorities/names/n84152755
"Johnson, Harold R.",lcnaf,http://id.loc.gov/authorities/names/n91055841
"Johnson, Henry.",lcnaf,
"Johnson, Hiram, 1866-1945.",lcnaf,http://id.loc.gov/authorities/names/n83179908
"Johnson, Hugh S. (Hugh Samuel), 1882-1942.",lcnaf,http://id.loc.gov/authorities/names/n85092186
"Johnson, Lady Bird, 1912-2007.",lcnaf,http://id.loc.gov/authorities/names/n50038949
"Johnson, Lemuel A.",lcnaf,http://id.loc.gov/authorities/names/n85236769
"Johnson, Lester, 1895-",lcnaf,
"Johnson, Lorenzo Nickerson, d.1897.",lcnaf,
"Johnson, Louis Arthur, 1891-1966",lcnaf,http://id.loc.gov/authorities/names/n2002126082
"Johnson, Lyndon B. (Lyndon Baines), 1908-1973.",lcnaf,http://id.loc.gov/authorities/names/n80005801
"Johnson, Mordecai W. (Mordecai Wyatt), 1890-1976",lcnaf,http://id.loc.gov/authorities/names/n95117564
"Johnson, Nelson C.",lcnaf,
"Johnson, Otis C. (Otis Coe), 1839-1912.",lcnaf,
"Johnson, Pyke.",lcnaf,http://id.loc.gov/authorities/names/n93092667
"Johnson, Robert Underwood, 1853-1937.",lcnaf,http://id.loc.gov/authorities/names/n86025566
"Johnson, Thomas Edward, 1883-",lcnaf,
"Johnson, Thor.",lcnaf,http://id.loc.gov/authorities/names/nr93051793
"Johnson, William Eugene, 1862-1945.",lcnaf,http://id.loc.gov/authorities/names/no90026457
"Johnson, William J.",lcnaf,
"Johnston, Clarence Thomas, 1872-1970.",lcnaf,http://id.loc.gov/authorities/names/no2004052855
"Johnston, Don Porter, 1884-",lcnaf,
"Johnston, Donald A., III, 1944-",lcnaf,
"Johnston, Eric A. (Eric Allen), 1895-1963.",lcnaf,http://id.loc.gov/authorities/names/nr94012457
"Johnston, George, 1796-1861.",lcnaf,
"Johnston, George.",lcnaf,
"Johnston, John Black, 1868-1939.",lcnaf,
"Johnston, John McDouall, 1816-1895.",lcnaf,
"Johnston, John, 1762-1828.",lcnaf,http://id.loc.gov/authorities/names/n93101905
"Johnston, Margaret.",lcnaf,
"Joiner, Charles Wycliffe, 1916-",lcnaf,http://id.loc.gov/authorities/names/no97025557
"Joliet, Louis, 1645-1700.",lcnaf,http://id.loc.gov/authorities/names/n50054922
"Jonas, Charles R. (Charles Raper), 1904-1988",lcnaf,http://id.loc.gov/authorities/names/no2013012208
Jones Prophet.,lcnaf,
"Jones, Alice Van Hoosen, 1855-1950.",lcnaf,
"Jones, Bob, 1911-1997",lcnaf,http://id.loc.gov/authorities/names/n83060778
"Jones, Brownie Lee, 1897-",lcnaf,
"Jones, Charles Nelson, 1848-1913.",lcnaf,
"Jones, Charles R. (Charles Reading), 1862-1944.",lcnaf,
"Jones, Edgar De Witt, 1876-1956.",lcnaf,http://id.loc.gov/authorities/names/n50040595
"Jones, Edith Lloyd.",lcnaf,
"Jones, Elisha, 1832-1888.",lcnaf,http://id.loc.gov/authorities/names/no2014169638
"Jones, Frank B., 1905-",lcnaf,
"Jones, George Wallace, 1804-1896.",lcnaf,http://id.loc.gov/authorities/names/n90685332
"Jones, Harlem.",lcnaf,
"Jones, Henry D. (Henry David), 1900-1987.",lcnaf,http://id.loc.gov/authorities/names/no92020737
"Jones, Howard Mumford, 1892-1980",lcnaf,http://id.loc.gov/authorities/names/n78096067
"Jones, I. Winter.",lcnaf,
"Jones, J. Elizabeth (Jane Elizabeth), 1813-1896.",lcnaf,http://id.loc.gov/authorities/names/n88115669
"Jones, J. Weldon (James Weldon), 1896-",lcnaf,http://id.loc.gov/authorities/names/n90650176
"Jones, Jenkin Lloyd, 1843-1918.",lcnaf,http://id.loc.gov/authorities/names/n85827455
"Jones, Jesse H. (Jesse Holman), 1874-1956.",lcnaf,http://id.loc.gov/authorities/names/n86025578
"Jones, John, 1818-1887.",lcnaf,
"Jones, Joseph Comstock, d. 1897.",lcnaf,
"Jones, Joyce, 1897-1980.",lcnaf,
"Jones, LaVerne",lcnaf,
"Jones, Lawrence W. (Lawrence William)",lcnaf,
"Jones, Lawrence W. (Lawrence William), 1925-",lcnaf,http://id.loc.gov/authorities/names/no91022935
"Jones, Lola M.",lcnaf,http://id.loc.gov/authorities/names/no2006127897
"Jones, Marjorie H. (Marjorie Hallobaugh)",lcnaf,
"Jones, Paul, 1880-1941.",lcnaf,http://id.loc.gov/authorities/names/n90685771
"Jones, Roy D.",lcnaf,
"Jones, Ruth Ann Doan.",lcnaf,
"Jones, S. L.",lcnaf,http://id.loc.gov/authorities/names/n92054168
"Jones, Samuel Arthur, 1834-1912.",lcnaf,http://id.loc.gov/authorities/names/n82048881
"Jones, Sarah Van Hoosen.",lcnaf,
"Jones, Thankful O. (Thankful Olivia), 1814-1894.",lcnaf,
"Jones, Thomas Ap Catesby, 1790-1858.",lcnaf,http://id.loc.gov/authorities/names/nr93011566
"Jones, Volney H. (Volney Hurt), 1903-1982",lcnaf,http://id.loc.gov/authorities/names/n95031387
"Jones, Volney Hurt, 1903-",lcnaf,
"Jones, Whitney, 1812-1892.",lcnaf,
"Jonkman, Bartel J. (Bartel John), 1884-1955.",lcnaf,http://id.loc.gov/authorities/names/no2009002033
"Jordan, David Starr, 1851-1931.",lcnaf,http://id.loc.gov/authorities/names/n50039881
"Jordan, Edwin Oakes, 1866-1936.",lcnaf,http://id.loc.gov/authorities/names/no2007095432
"Jordan, Myra Beach, 1863-1946.",lcnaf,
"Joslin, C., 1813-1889.",lcnaf,
"Joslin, Theodore M.",lcnaf,
"José, F. Sionel (Francisco Sionel), 1924-",lcnaf,
"Jouppi, Arvid",lcnaf,
"Joy, Henry Bourne, 1864-1936.",lcnaf,http://id.loc.gov/authorities/names/no2004105892
"Joy, James F. (James Frederick), 1810-1896.",lcnaf,http://id.loc.gov/authorities/names/nr2004005807
"Joy, James Frederick, 1810-1896.",lcnaf,http://id.loc.gov/authorities/names/nr2004005807
"Jruks, J. W.",lcnaf,
"Judd, Charles Hubbard, 1873-1946.",lcnaf,http://id.loc.gov/authorities/names/nr94015131
"Judd, Dorothy Leonard.",lcnaf,http://id.loc.gov/authorities/names/n88643417
"Judd, Dorothy.",lcnaf,
"Judd, Walter H., 1898-1994",lcnaf,http://id.loc.gov/authorities/names/n80093628
"Judd, Walter Henry, 1898-1994.",lcnaf,
"Judge, Richard D.",lcnaf,http://id.loc.gov/authorities/names/n50038845
"Judson, Russel V.",lcnaf,
"Judson, Russell V.",lcnaf,
"Juliana, Queen of the Netherlands, 1909-2004",lcnaf,http://id.loc.gov/authorities/names/n79127121
"Jung, Frank Richard.",lcnaf,
"Jung, Harry A.",lcnaf,
"Just, Theodor Karl, 1904-1960.",lcnaf,http://id.loc.gov/authorities/names/no2010204545
"Juster, F. Thomas",lcnaf,
"Juster, F. Thomas (Francis Thomas), 1926-",lcnaf,http://id.loc.gov/authorities/names/n50038806
"Kac, Mark.",lcnaf,http://id.loc.gov/authorities/names/n79097285
"Kagan, Steve.",lcnaf,http://id.loc.gov/authorities/names/no2005026652
"Kahil, Zehia.",lcnaf,
"Kahn, Albert, 1869-1942.",lcnaf,http://id.loc.gov/authorities/names/n88163469
"Kahn, Albert.",lcnaf,
"Kahn, Edgar A.",lcnaf,
"Kahn, Ernestine Krolik.",lcnaf,
"Kahn, Ernestine.",lcnaf,
"Kahn, Julius, 1861-1924.",lcnaf,http://id.loc.gov/authorities/names/n97118553
"Kahn, Raymond H., 1930-",lcnaf,
"Kahn, Reuben L. (Reuben Leon), 1887-1979.",lcnaf,http://id.loc.gov/authorities/names/no96025159
"Kahn, Reuben Leon",lcnaf,
"Kahn, Robert Louis, 1918-",lcnaf,http://id.loc.gov/authorities/names/n79083969
"Kaiser, Edgar Fosburg, 1908-",lcnaf,
"Kaline, Albert William, 1934-",lcnaf,
"Kalisch, Beatrice J.",lcnaf,
"Kalisch, Philip Arthur.",lcnaf,http://id.loc.gov/authorities/names/n81052343
"Kallen, Horace Meyer, 1882-1974.",lcnaf,http://id.loc.gov/authorities/names/n80023585
"Kallman, Herman.",lcnaf,
"Kalmbach, Robert.",lcnaf,
"Kamarck, Esther.",lcnaf,
"Kamarck, Frank.",lcnaf,
"Kamisar, Yale.",lcnaf,http://id.loc.gov/authorities/names/n79022290
"Kamm, Greg",lcnaf,
"Kamm, Greg, 1950-2008.",lcnaf,
"Kanouse, Bessie Bernice, 1889-",lcnaf,
"Kanter, Robert, 1906-",lcnaf,
"Kapenga, Gladys",lcnaf,
"Kaplan, Ida Roettinger, 1913-",lcnaf,http://id.loc.gov/authorities/names/no2001009594
"Kaplan, Wilfred",lcnaf,
"Kaplan, Wilfred, 1915-",lcnaf,http://id.loc.gov/authorities/names/n50044993
"Kappel, Frederick R., 1902-",lcnaf,http://id.loc.gov/authorities/names/no00048314
"Karoub, James, 1929-1994.",lcnaf,
"Karpinski, Louis Charles, 1878-1956.",lcnaf,http://id.loc.gov/authorities/names/n79135334
"Kasdin, Robert A.",lcnaf,
"Kaser, Ernest.",lcnaf,
"Kasha, Michael, 1920-",lcnaf,http://id.loc.gov/authorities/names/n90684711
"Katona, George, 1901-",lcnaf,
"Katona, George, 1901-1981",lcnaf,http://id.loc.gov/authorities/names/n80004235
"Katz, Daniel, 1903-1998",lcnaf,http://id.loc.gov/authorities/names/n80060596
"Katz, Donald La Verne, 1907-",lcnaf,
"Katz, Henry.",lcnaf,
"Katz, Robert.",lcnaf,
"Katzenbach, Nicholas deB. (Nicholas deBelleville), 1922-2012",lcnaf,http://id.loc.gov/authorities/names/nr88006748
"Kauffman, C. H., (Calvin Henry), 1869-1931.",lcnaf,http://id.loc.gov/authorities/names/n85135251
"Kaufman, Arnold S. (Arnold Saul), 1927-1971",lcnaf,
"Kaufmann, Susan W.",lcnaf,
"Kauper, Paul G.",lcnaf,http://id.loc.gov/authorities/names/n79119400
"Kauper, Paul, 1907-1974.",lcnaf,
"Kausch, Jack.",lcnaf,
"Kavanaugh, John L.",lcnaf,http://id.loc.gov/authorities/names/n2004140763
"Kawbawgam, Charles, d. 1902.",lcnaf,http://id.loc.gov/authorities/names/n93102126
Ke-taw-kah.,local,
"Keal, Nellie Annetta.",lcnaf,
"Keal, Thomas.",lcnaf,
"Keal, Washington Irving, 1842-",lcnaf,
"Kean, James E.",lcnaf,
"Kean, Robert Winthrop, 1893-",lcnaf,
"Kearny, Stephen Watts, 1794-1848.",lcnaf,http://id.loc.gov/authorities/names/n50062807
"Kearsley, Jonathan, 1786-1859.",lcnaf,
"Keating, Charles H.",lcnaf,http://id.loc.gov/authorities/names/n87118348
"Keatley, Vivien B. (Vivien Bulloch), 1909-",lcnaf,http://id.loc.gov/authorities/names/n84804475
"Kedzie, Robert Clark, 1823-1902.",lcnaf,
"Kee, John.",lcnaf,
"Keeler, Fred L.",lcnaf,
"Keeler, Hugh Blenn, Mrs.",lcnaf,
"Keeler, Lewis.",lcnaf,
"Keen, Clifford, 1901-",lcnaf,
Keewaydinoquay.,lcnaf,http://id.loc.gov/authorities/names/n82007940
"Kefauver, Estes, 1903-1963.",lcnaf,http://id.loc.gov/authorities/names/n79144615
"Kefauver, Lee, 1934-",lcnaf,
"Kefauver, Nancy Patterson.",lcnaf,
"Keith, B. C.",lcnaf,
"Keith, Damon J. (Damon Jerome), 1922-",lcnaf,http://id.loc.gov/authorities/names/no2009118828
"Keith, Harvey.",lcnaf,
"Keller, Geoffrey, 1918-",lcnaf,http://id.loc.gov/authorities/names/no2015019594
"Keller, Helen, 1880-1968.",lcnaf,http://id.loc.gov/authorities/names/n83158974
"Keller, Kaufman Thuma, 1885-1966.",lcnaf,http://id.loc.gov/authorities/names/n99270350
"Kelley, Alfred.",lcnaf,
"Kelley, Florence, 1859-1932.",lcnaf,http://id.loc.gov/authorities/names/n50060216
"Kelley, Frank J. (Frank Joseph), 1924-",lcnaf,http://id.loc.gov/authorities/names/n91076646
"Kelley, Ken.",lcnaf,http://id.loc.gov/authorities/names/n90645322
"Kelley, Patrick Henry, 1867-1925.",lcnaf,http://id.loc.gov/authorities/names/no2008031481
"Kelley, William N. 1939-",lcnaf,http://id.loc.gov/authorities/names/n80013262
"Kellogg, E. E. (Ella Ervilla)",lcnaf,http://id.loc.gov/authorities/names/n91036557
"Kellogg, Frank B. (Frank Billings), 1856-1937.",lcnaf,http://id.loc.gov/authorities/names/n86111142
"Kellogg, James Lawrence, 1866-1938.",lcnaf,
"Kellogg, John Harvey, 1852-1943.",lcnaf,http://id.loc.gov/authorities/names/n50060957
"Kellogg, John R., 1793-1868.",lcnaf,
"Kellogg, Margaret M. McCauley, 1852-1938.",lcnaf,
"Kellogg, Remington, 1893-",lcnaf,
"Kellogg, W. K. (Will Keith), 1860-1951.",lcnaf,http://id.loc.gov/authorities/names/n84008657
"Kelly, E. Lowell (Everett Lowell), 1905-1986",lcnaf,http://id.loc.gov/authorities/names/no2004086597
"Kelly, Edward Dionysius, 1861-1926.",lcnaf,
"Kelly, Everett Lowell, 1905-",lcnaf,
"Kelly, Harry F. (Harry Francis), 1895-1971.",lcnaf,http://id.loc.gov/authorities/names/no2008189249
"Kelly, Howard A. (Howard Atwood), 1858-1943.",lcnaf,http://id.loc.gov/authorities/names/n83825735
"Kelman, Herbert C.",lcnaf,http://id.loc.gov/authorities/names/n50045677
"Kelsey, Easton T.",lcnaf,
"Kelsey, Francis W. (Francis Willey), 1858-1927.",lcnaf,http://id.loc.gov/authorities/names/nr90001124
"Kelsey, Francis W. (Francis Willey), b. 1858.",lcnaf,
"Kelsey, John T., 1921-",lcnaf,
"Kelsey, Mike.",lcnaf,
"Kelsey, Pat.",lcnaf,
"Kelsey, William Kline, 1885-",lcnaf,
"Kelso, Robert William, 1880-",lcnaf,
"Kemble, Edwin C. (Edwin Crawford), 1889-",lcnaf,http://id.loc.gov/authorities/names/n84803736
"Kemmering, Catherine",lcnaf,
"Kemnitz, Eddie.",lcnaf,
"Kemnitz, Milton.",lcnaf,
"Kemp, Edward Gearing, 1887-1962.",lcnaf,
"Kemp, Maida Springer.",lcnaf,http://id.loc.gov/authorities/names/no90024911
"Kemp, Marcia Springer.",lcnaf,
"Kendall, Austin J., b. 1842.",lcnaf,
"Kendall, Calvin N.",lcnaf,
"Kendall, David W., 1903-1976.",lcnaf,
"Kendall, David Walbridge, 1903-1976.",lcnaf,http://id.loc.gov/authorities/names/no2003080285
"Kendall, William Mitchell, 1856-1941.",lcnaf,
"Kendrick, Milton.",lcnaf,
"Kendrick, Pearl L., 1890-1980.",lcnaf,
"Keniston, Hayward, b. 1883.",lcnaf,
"Kennedy, Charles Stuart, 1887-1966.",lcnaf,
"Kennedy, Cornelia G. (Cornelia Groefsema), 1923-2014.",lcnaf,http://id.loc.gov/authorities/names/no2011054231
"Kennedy, Edward M. (Edward Moore), 1932-2009",lcnaf,http://id.loc.gov/authorities/names/n79091168
"Kennedy, Elizabeth Earhart, 1909-",lcnaf,
"Kennedy, Ethel, 1928-",lcnaf,http://id.loc.gov/authorities/names/n88027472
"Kennedy, Frank R.",lcnaf,
"Kennedy, Frank R., 1914-",lcnaf,
"Kennedy, G. Donald (George Donald), 1900-",lcnaf,
"Kennedy, G. Donald (George Donald), 1900-1988",lcnaf,http://id.loc.gov/authorities/names/no2008190250
"Kennedy, James Alexander, 1897-1969.",lcnaf,
"Kennedy, John F. (John Fitzgerald), 1917-1963--Death and burial.",lcnaf,
"Kennedy, John F. (John Fitzgerald), 1917-1963.",lcnaf,http://id.loc.gov/authorities/names/n79055297
"Kennedy, John S.",lcnaf,
"Kennedy, Joseph J.",lcnaf,
"Kennedy, Joseph P. (Joseph Patrick), 1888-1969.",lcnaf,http://id.loc.gov/authorities/names/n79126863
"Kennedy, Ola.",lcnaf,
"Kennedy, Richard L.",lcnaf,
"Kennedy, Robert F., 1925-1968.",lcnaf,http://id.loc.gov/authorities/names/n80035888
"Kennely, Arthur Edwin, 1861-1939.",lcnaf,
"Kenny, Elizabeth, 1886-1952.",lcnaf,http://id.loc.gov/authorities/names/n80037749
"Kent, Charles A. (Charles Artemas),1835-1917.",lcnaf,
"Kent, Charles A. (Charles Artemis), 1835-1917.",lcnaf,http://id.loc.gov/authorities/names/n85221093
"Kent, Charles Edwin.",lcnaf,
"Kent, Charles Foster, 1867-1925.",lcnaf,http://id.loc.gov/authorities/names/n85351954
"Kent, Ira Rich, 1876-1945.",lcnaf,http://id.loc.gov/authorities/names/n98105887
"Kent, James, 1763-1847.",lcnaf,http://id.loc.gov/authorities/names/n50044749
"Kent, W. Wallace (William Wallace), 1916-1973.",lcnaf,
"Kenworthy, Marion E.",lcnaf,
"Kenyon, Frederic G. (Frederic George), Sir, 1863-1952.",lcnaf,http://id.loc.gov/authorities/names/n50044760
"Keppel, Frederick P. (Frederick Paul), 1875-1943.",lcnaf,http://id.loc.gov/authorities/names/n88025992
"Kerman, Cynthia Earl.",lcnaf,http://id.loc.gov/authorities/names/n86110371
"Kerner, Otto, 1908-1976.",lcnaf,http://id.loc.gov/authorities/names/n78025310
"Kerr, Philip.",lcnaf,http://id.loc.gov/authorities/names/n88294043
"Kerr, Robert S. (Robert Samuel), 1896-1963.",lcnaf,http://id.loc.gov/authorities/names/n50044577
"Kerr, Walter, 1913-1996",lcnaf,http://id.loc.gov/authorities/names/n79043926
"Kerry, John.",lcnaf,
"Kersey, Jonathan, 1786-1859.",lcnaf,
"Kershner, Howard Eldred, 1891-1990.",lcnaf,http://id.loc.gov/authorities/names/n84118702
"Kersten, Charles J., 1902-",lcnaf,
"Kessenich, Michiels van, baron.",lcnaf,
"Ketcham, Gilbert.",lcnaf,
"Ketcham, Jean Seeley.",lcnaf,
"Ketcham, John Clark, 1873-1941.",lcnaf,http://id.loc.gov/authorities/names/no2008031630
"Ketefian, Shaké.",lcnaf,
"Kettle, Earl.",lcnaf,
"Kevorkian, Jack.",lcnaf,
"Key, V. O. (Valdimer Orlando), 1908-1963.",lcnaf,http://id.loc.gov/authorities/names/n50045817
"Keyes, Eugene C., 1900-1962",lcnaf,http://id.loc.gov/authorities/names/n97092190
"Keyes, Frances Parkinson, 1885-1970.",lcnaf,http://id.loc.gov/authorities/names/n50045818
"Keyes, Hugh T. (Hugh Tallman)",lcnaf,
"Keynes, John Maynard, 1883-1946.",lcnaf,http://id.loc.gov/authorities/names/n79004113
"Khalaf, Johan I.",lcnaf,
"Khoury, Sari, 1941-1997.",lcnaf,
"Khrushchev, Nikita Sergeevich, 1894-1971.",lcnaf,http://id.loc.gov/authorities/names/n80021705
"Kibler, Blanche S., 1889-1962.",lcnaf,
"Kibler, George, 1876-1963.",lcnaf,
"Kibler, Mae Gene, 1923-2003.",lcnaf,
"Kibler, Melvin Dale, 1920-2012.",lcnaf,
"Kidd, Thomas I.",lcnaf,
"Kidder, Alfred Vincent, 1885-1963.",lcnaf,http://id.loc.gov/authorities/names/n79021794
"Kiefer, Hermann, 1825-1911.",lcnaf,
"Kiel, Frank Burdette.",lcnaf,
"Kiesinger, Kurt Georg, 1904-",lcnaf,
"Kikuchi, Chihiro, 1914-",lcnaf,http://id.loc.gov/authorities/names/n79069421
"Killebrew, Harmon Clayton, 1936-",lcnaf,
"Killey, Pul.",lcnaf,
"Kilpatrick, Kwame M., 1970-",lcnaf,http://id.loc.gov/authorities/names/no2002023847
"Kilpatrick, Lester A.",lcnaf,
"Kim, Chong-p'il.",lcnaf,http://id.loc.gov/authorities/names/n86070125
"Kim, U-jung.",lcnaf,http://id.loc.gov/authorities/names/n84033115
"Kimball, Donald A., 1907-1998.",lcnaf,
"Kimball, Fiske, 1888-1955.",lcnaf,http://id.loc.gov/authorities/names/n80051084
"Kimball, Henry Mahlon, 1878-1935.",lcnaf,
"Kimball, LeRoy Elwood, 1888-",lcnaf,http://id.loc.gov/authorities/names/nr98035041
"Kimberly, B. L.",lcnaf,
"Kimble, J. M.",lcnaf,
"Kimmel, Elizabeth.",lcnaf,
"Kimmerle, Charles H., 1860-",lcnaf,
"Kincaid, Harry.",lcnaf,
"Kincaid, Joseph E.",lcnaf,
"King, B. B.",lcnaf,http://id.loc.gov/authorities/names/n82006577
"King, Carolyn.",lcnaf,
"King, Charles.",lcnaf,
"King, Clyde Lyndon, 1879-1937.",lcnaf,http://id.loc.gov/authorities/names/n80025718
"King, Coretta Scott, 1927-2006",lcnaf,http://id.loc.gov/authorities/names/n50049525
"King, Emery C.",lcnaf,http://id.loc.gov/authorities/names/no00025473
"King, Francis, Mrs., 1863-1948",lcnaf,http://id.loc.gov/authorities/names/nr95001834
"King, Henry Churchill, 1858-1934.",lcnaf,http://id.loc.gov/authorities/names/n92105792
"King, Jacqueline C.",lcnaf,
"King, James Ferguson, 1913-1983.",lcnaf,http://id.loc.gov/authorities/names/no2012095160
"King, Jane Otteson",lcnaf,
"King, Jean Ledwith.",lcnaf,
"King, Jean.",lcnaf,
"King, Judson, 1872-1958.",lcnaf,http://id.loc.gov/authorities/names/n95099653
"King, Keith.",lcnaf,
"King, Lawrence.",lcnaf,
"King, Martin Luther, Jr.",lcnaf,
"King, Martin Luther, Jr., 1929-1968.",lcnaf,http://id.loc.gov/authorities/names/n79084324
"King, Paul H.",lcnaf,
"King, Paul Howard, 1879-1942.",lcnaf,
"King, Robert",lcnaf,
"King, William Lyon Mackenzie, 1874-1950.",lcnaf,http://id.loc.gov/authorities/names/n50048099
"Kingsley, James, 1797-1878.",lcnaf,
"Kingston, George B.",lcnaf,
"Kinne, Edward DeWitt, 1842-1921.",lcnaf,
"Kinsey, Alfred C. (Alfred Charles), 1894-1956.",lcnaf,http://id.loc.gov/authorities/names/n79065235
"Kinsey, Alfred Charles, 1894-1956.",lcnaf,http://id.loc.gov/authorities/names/n79065235
"Kinsey, Harold C.",lcnaf,
"Kinyon, Claudius Bligh, b. 1851.",lcnaf,
"Kinyon, Rachel.",lcnaf,
"Kipke, Harry G., 1899-1972.",lcnaf,
"Kirby, Jerome.",lcnaf,
"Kircher, Everett F.",lcnaf,
"Kirchner, Otto, 1846-1920.",lcnaf,
"Kirchwey, Freda.",lcnaf,http://id.loc.gov/authorities/names/n85360900
"Kirk, Andy, 1898-1991.",lcnaf,
"Kirk, Andy, 1898-1992.",lcnaf,http://id.loc.gov/authorities/names/n87135528
"Kirk, Richard Ray, 1877-",lcnaf,http://id.loc.gov/authorities/names/n84229945
"Kirkland, Caroline M. (Caroline Matilda), 1801-1864.",lcnaf,http://id.loc.gov/authorities/names/n50048584
"Kirkland, Helen Maria Upjohn, 1839-1901.",lcnaf,
"Kirscht, John P.",lcnaf,
"Kirstein, George G.",lcnaf,http://id.loc.gov/authorities/names/n79060069
"Kirstein, Louis Edward, 1867-1942.",lcnaf,http://id.loc.gov/authorities/names/n2004073551
"Kish, George, 1914-",lcnaf,
"Kish, George, 1914-1989",lcnaf,http://id.loc.gov/authorities/names/n79045185
"Kish, Leslie, 1910-",lcnaf,
"Kish, Leslie, 1910-2000.",lcnaf,http://id.loc.gov/authorities/names/n81119591
"Kissinger, Henry, 1923-",lcnaf,http://id.loc.gov/authorities/names/n79018911
"Kister, Frederick.",lcnaf,
"Kitzman, Harvey.",lcnaf,
"Kjølhede, Peder",lcnaf,
"Klasey, Thomas, 1896-",lcnaf,
"Klein, Lawrence Robert.",lcnaf,
"Klein, Martin J.",lcnaf,
"Kleiner, A. Robert",lcnaf,
"Kleiner, A. Robert, 1916-",lcnaf,
"Kleinman, Rose Parker, 1914-1977.",lcnaf,
"Kline, Fred B., b. 1865.",lcnaf,
"Kline, George Milton, 1878-",lcnaf,
"Klinger, Robert B., 1914-",lcnaf,
"Klopsteg, Paul E. (Paul Ernest), 1889-",lcnaf,http://id.loc.gov/authorities/names/n87896716
"Kluckhohn, Clyde, 1905-1960.",lcnaf,http://id.loc.gov/authorities/names/n80023524
"Klue, Leonard E.",lcnaf,
"Knapp, Andrew B.",lcnaf,
"Knapp, Burton Samuel, 1882-1959.",lcnaf,
"Knapp, George.",lcnaf,
"Knapp, Margaret Holsolter.",lcnaf,
"Knapp, Mark Stevens, 1872-1948.",lcnaf,
"Knappen, Loyal Edwin, 1854-1930.",lcnaf,http://id.loc.gov/authorities/names/no2008186689
"Knauss, Robert L.",lcnaf,
"Knight, George W. (George Wells), 1858-1932.",lcnaf,http://id.loc.gov/authorities/names/n85039357
"Knight, Goodwin, 1896-1970.",lcnaf,http://id.loc.gov/authorities/names/no90027641
"Knight, John Shively, 1894-1981.",lcnaf,http://id.loc.gov/authorities/names/n88074740
"Knollenberg, Bernhard, 1892-1973.",lcnaf,http://id.loc.gov/authorities/names/n2002028174
"Knopf, Alfred A., 1892-1984.",lcnaf,http://id.loc.gov/authorities/names/n86134128
"Knott, Thomas A. (Thomas Albert), 1880-1945.",lcnaf,http://id.loc.gov/authorities/names/n81089991
"Knowland, Helen Davis Herrick.",lcnaf,
"Knowland, William F. (William Fife), 1908-1974",lcnaf,http://id.loc.gov/authorities/names/no91001498
"Knowles, Hugh Shaler, 1904-",lcnaf,
"Knowles, Margaret Keal, collector.",lcnaf,
"Knowlton, Jerome C. (Jerome Cyril),1850-1916.",lcnaf,http://id.loc.gov/authorities/names/n88071890
"Knox, Frank, 1874-1944.",lcnaf,http://id.loc.gov/authorities/names/n86034285
"Knox, Harold.",lcnaf,
"Knox, John Jay, 1828-1892.",lcnaf,http://id.loc.gov/authorities/names/n88649301
"Knox, Patti.",lcnaf,
"Knox, Philander C. (Philander Chase), 1853-1921.",lcnaf,http://id.loc.gov/authorities/names/n86053399
"Knox, Victor Alfred, 1899-",lcnaf,
"Knudsen, William S., 1879-1948.",lcnaf,http://id.loc.gov/authorities/names/nr94002823
"Knupfer, Anne Meis.",lcnaf,
"Knutson, Harold, 1880-1963.",lcnaf,
"Koch, Fred C.",lcnaf,
"Koch, Robert, 1843-1910.",lcnaf,http://id.loc.gov/authorities/names/n50043984
"Koch, Theodore Wesley, 1871-1941.",lcnaf,http://id.loc.gov/authorities/names/n82037904
"Koeff, Steve T.",lcnaf,
"Koelz, Walter, 1895-",lcnaf,
"Koelz, Walter, 1895-1989",lcnaf,http://id.loc.gov/authorities/names/n82028490
"Kohler, Julia B., d. 1969.",lcnaf,
"Kohler, Walter J., Jr. (Walter Jodok), 1904-1976",lcnaf,http://id.loc.gov/authorities/names/n2002039849
"Kohn, Diane.",lcnaf,
"Kohn, Howard.",lcnaf,http://id.loc.gov/authorities/names/n81098762
"Kolb, Chris.",lcnaf,http://id.loc.gov/authorities/names/n85200703
"Kolbe, Frank F.",lcnaf,
"Kolberg, Marie Allmendinger, 1875-1973.",lcnaf,
"Kolthoff, I. M. (Izaak Maurits), 1894-1993",lcnaf,http://id.loc.gov/authorities/names/n79033070
"Kongas, Lembi.",lcnaf,
"Kooker, Arthur R. (Arthur Raymond), 1907-1978, collector.",lcnaf,
"Koontz, Patrick Duffey, 1888-1947.",lcnaf,
"Kopp, Anton.",lcnaf,
"Korab, Balthazar--Architect.",lcnaf,
"Korab, Balthazar.",lcnaf,
"Korff, S. A. (Sergei Aleksandrovich), baron, 1876-1924.",lcnaf,http://id.loc.gov/authorities/names/no89011611
"Korn, Harold A. (Harold Allen)",lcnaf,http://id.loc.gov/authorities/names/no90015192
"Kornegay, Francis A.",lcnaf,http://id.loc.gov/authorities/names/n80025872
"Korzybski, Alfred, 1879-1950.",lcnaf,http://id.loc.gov/authorities/names/n50042676
"Kossuth, Lajos, 1802-1894.",lcnaf,http://id.loc.gov/authorities/names/n50042689
"Kozaren, Robert W.",lcnaf,
"Kracher, Horatio S.",lcnaf,
"Kraemer, Casper John, 1895-1958.",lcnaf,http://id.loc.gov/authorities/names/nr00018340
"Kraker, Norma F.",lcnaf,
"Kramer, Arthur W., 1906-1998.",lcnaf,
"Krasny, Walter.",lcnaf,
"Kraus, Dorothy.",lcnaf,http://id.loc.gov/authorities/names/n84202307
"Kraus, Edward Henry, 1875-",lcnaf,
"Kraus, Edward Henry, 1875-1973",lcnaf,http://id.loc.gov/authorities/names/n85805555
"Krebs, M. (Michelle)",lcnaf,http://id.loc.gov/authorities/names/n92036691
"Kreisler, Fritz, 1875-1962.",lcnaf,http://id.loc.gov/authorities/names/n81015317
"Kresge, Sebastian Spering, 1867-1966.",lcnaf,http://id.loc.gov/authorities/names/n79140999
"Kresge, Stanley Sebastian, 1900-",lcnaf,http://id.loc.gov/authorities/names/n79140998
"Kress, Lauretta E., 1863-",lcnaf,
"Krieger, Alex D. (Alex Dony), 1911-1991",lcnaf,http://id.loc.gov/authorities/names/n89629566
"Krieger, Louis C.",lcnaf,
"Krimm, Marilyn.",lcnaf,http://id.loc.gov/authorities/names/no98036370
"Krisch, A. D.",lcnaf,
"Krishna Menon, V. K. (Vengalil Krishnan), 1897-1974.",lcnaf,http://id.loc.gov/authorities/names/n80056932
"Krock, Arthur, 1886-1974",lcnaf,http://id.loc.gov/authorities/names/n50045980
"Kroeber, A. L. (Alfred Louis), 1876-1960.",lcnaf,http://id.loc.gov/authorities/names/n86111471
"Krueger, Albert.",lcnaf,
"Krueger, Kermit.",lcnaf,http://id.loc.gov/authorities/names/no2006106343
"Krueger, Myron.",lcnaf,
"Krumbhaar, E. B. (Edward Bell), 1882-1966",lcnaf,http://id.loc.gov/authorities/names/n83825912
"Kuchel, Thomas Henry, 1910-",lcnaf,
"Kuder, Edward Metcalfe, 1896-",lcnaf,
"Kuethe, Arnold M. (Arnold Martin), 1905-",lcnaf,http://id.loc.gov/authorities/names/n85104506
"Kuhn, Franz Christian, 1872-1926.",lcnaf,
"Kuhn, Maggie.",lcnaf,http://id.loc.gov/authorities/names/n88159582
"Kuhn, Richard, 1900-1967.",lcnaf,http://id.loc.gov/authorities/names/n87127152
"Kuhn, Sherman M. (Sherman McAllister), 1907-1991.",lcnaf,http://id.loc.gov/authorities/names/n86841544
"Kulakow, Adam",lcnaf,
"Kumm, Henry William, 1901-",lcnaf,http://id.loc.gov/authorities/names/nr99034098
"Kummerman, Henri, 1908-",lcnaf,http://id.loc.gov/authorities/names/n80015924
"Kunstler, William M. (William Moses), 1919-1995",lcnaf,http://id.loc.gov/authorities/names/n81002785
"Kuplan, Louis, 1906-",lcnaf,
"Kuplan, Louis.",lcnaf,
"Kurath, Hans, 1891-1992.",lcnaf,http://id.loc.gov/authorities/names/n50058429
"Kurtagh, Cathryn.",lcnaf,
"Kushner, Harold S.",lcnaf,http://id.loc.gov/authorities/names/n81043236
"Kuyper, George Adrian.",lcnaf,
"Kuzma, Tom G., 1922-1996.",lcnaf,
"Kvaran, Einar.",lcnaf,
"Kyles, Samuel.",lcnaf,
"La Follette, Robert M. (Robert Marion), 1855-1925.",lcnaf,http://id.loc.gov/authorities/names/n50041743
"La Guardia, Fiorello H. (Fiorello Henry), 1882-1947.",lcnaf,http://id.loc.gov/authorities/names/n50041744
"La Piana, George, 1879-1971.",lcnaf,http://id.loc.gov/authorities/names/nr93019844
"La Salle, Robert Cavelier, sieur de, 1643-1687.",lcnaf,http://id.loc.gov/authorities/names/n50043391
"LaDuke, Theodore, 1900-",lcnaf,
"LaFayette, Bernard.",lcnaf,
"LaFetra, Linnaeus Edford, 1868-",lcnaf,
"LaFollette, Philip Fox, 1897-1965.",lcnaf,http://id.loc.gov/authorities/names/n82006860
"LaFramboise, Joseph, d. 1809.",lcnaf,
"Labadie, Jo, 1850-1933.",lcnaf,http://id.loc.gov/authorities/names/n86026339
"Lacey, Brian.",lcnaf,
"Lacy, Arthur J. (Arthur Jay), 1876-1975.",lcnaf,http://id.loc.gov/authorities/names/n92063112
"Lacy, Ernest J.",lcnaf,
"Ladd, George Trumbull, 1842-1921.",lcnaf,http://id.loc.gov/authorities/names/n82091891
"Ladd, Kate Macy, 1863-1945.",lcnaf,
"Ladd, Walter Graeme.",lcnaf,
"Lado, Robert, 1915-1995",lcnaf,http://id.loc.gov/authorities/names/n81029668
"Lagler Karl Frank, 1912-",lcnaf,
"Lagler, Karl F. (Karl Frank), 1912-1985",lcnaf,http://id.loc.gov/authorities/names/n50039403
"Laidler, Harry Wellington, 1884-1970.",lcnaf,http://id.loc.gov/authorities/names/n50045931
"Laing, Lionel Hassell.",lcnaf,
"Laing, Richard A.",lcnaf,
"Laird, W. H.",lcnaf,
"Laird, Warren Powers, 1861-1948.",lcnaf,http://id.loc.gov/authorities/names/nr97024728
"Lajpat Rai, Lala, 1865-1928.",lcnaf,http://id.loc.gov/authorities/names/n50044346
"Lamb, Jonathan.",lcnaf,
"Lambert, Marguerite Novy.",lcnaf,
"Lamont, Corliss, 1902-1995",lcnaf,http://id.loc.gov/authorities/names/n50039927
"Lamont, Daniel Scott, 1851-1905.",lcnaf,http://id.loc.gov/authorities/names/n94088177
"Lamont, Robert Patterson, 1867-1948.",lcnaf,http://id.loc.gov/authorities/names/no2008190230
"Lamont, Thomas Stilwell, 1899-",lcnaf,
"Lamont, Thomas W. (Thomas William), 1870-1948.",lcnaf,http://id.loc.gov/authorities/names/n89125998
"Lampe, Isadore, 1906-",lcnaf,
"Landers, Ann.",lcnaf,http://id.loc.gov/authorities/names/n82029120
"Landers, Frank Michael, 1911-",lcnaf,
"Landers, Frank Michael.",lcnaf,
"Landes, Lee E. (Lee Everett)",lcnaf,
"Landon, Alfred M. (Alfred Mossman), 1887-1987.",lcnaf,http://id.loc.gov/authorities/names/n86111015
"Landon, Rufus W., 1815-1886.",lcnaf,
"Lane, Alfred C. (Alfred Church), b. 1863.",lcnaf,http://id.loc.gov/authorities/names/n87804543
"Lane, Charles W. (Charles Wesley), 1919-",lcnaf,
"Lane, Gertrude.",lcnaf,
"Lane, Margaret.",lcnaf,
"Lane, Mark.",lcnaf,
"Lane, Robert Porter, 1891-1953.",lcnaf,
"Lane, Rose Wilder, 1886-1968.",lcnaf,http://id.loc.gov/authorities/names/n50038738
"Lane, Victor Hugo, 1852-1930.",lcnaf,http://id.loc.gov/authorities/names/no2002048914
"Lane, Victor Hugo, 1952-1930",lcnaf,
"Lang, Chester Henry, 1893-1961.",lcnaf,
"Lang, Samuel.",lcnaf,
"Lange, Erich, 1896-",lcnaf,http://id.loc.gov/authorities/names/n83828419
"Langer, William L. (William Leonard), 1896-1977.",lcnaf,http://id.loc.gov/authorities/names/n50039256
"Langer, William, 1886-1959.",lcnaf,http://id.loc.gov/authorities/names/n88224852
"Langford, Richard, 1826-1909.",lcnaf,
"Langhorne, J. Leon.",lcnaf,
"Langlade, Charles Michel de, 1729-1800.",lcnaf,
"Langlands, Charlotte.",lcnaf,
"Langley, John Williams, 1841-1918.",lcnaf,
"Langley, S. P. (Samuel Pierpont), 1834-1906.",lcnaf,http://id.loc.gov/authorities/names/n85809137
"Lanham, Dottie.",lcnaf,
"Lanham, John, 1927-",lcnaf,
"Lanier, Charles D., Mrs.",lcnaf,
"Lansing, John B.",lcnaf,http://id.loc.gov/authorities/names/n50035997
"Lansing, Marjorie",lcnaf,
"Lansing, Marjorie, 1916-",lcnaf,http://id.loc.gov/authorities/names/n80072661
"Lansing, Robert, 1864-1928.",lcnaf,http://id.loc.gov/authorities/names/n50039266
"Lapity, John.",lcnaf,
"Laporte, Otto, 1902-1971.",lcnaf,
"Larcom, Guy C.",lcnaf,
"Larcom, Guy C., 1913-",lcnaf,
"Larimore, Ann E.",lcnaf,http://id.loc.gov/authorities/names/n82269151
"Larned, Abner E.",lcnaf,
"Larson, Carl Theodore, 1903-",lcnaf,
"Larson, Carl Theodore, 1903-1988.",lcnaf,
"Larson, Laurence Marcellus, 1868-1938.",lcnaf,http://id.loc.gov/authorities/names/n50039259
"Larue, George R. (George Roger), b. 1882.",lcnaf,
"Lash, Joseph P., 1909-1987.",lcnaf,http://id.loc.gov/authorities/names/n79138607
"Lasker, Albert Davis, 1880-1952.",lcnaf,http://id.loc.gov/authorities/names/n84203502
"Lasker, Bruno, 1880-1965.",lcnaf,http://id.loc.gov/authorities/names/n50037729
"Laski, Harold Joseph, 1893-1950.",lcnaf,http://id.loc.gov/authorities/names/n79018424
"Lasson, Adolf, 1832-1917.",lcnaf,http://id.loc.gov/authorities/names/n85248283
"Latane, John Holladay, 1869-1932.",lcnaf,http://id.loc.gov/authorities/names/no99089612
"Latham, Harold Strong, 1887-1969.",lcnaf,
"Lathers, Swift, 1889-1970.",lcnaf,
"Lathrop, H. B., 1808-1890.",lcnaf,
"Lathrop, John Howland, 1880-1967.",lcnaf,
"Lathrop, Julia Clifford, 1858-1932.",lcnaf,http://id.loc.gov/authorities/names/n91039712
"Lathrop, Rufus G.",lcnaf,
"Latson, Merle D., 1901-",lcnaf,
"Latson, Ruth.",lcnaf,
"Latting, Raymond.",lcnaf,
"Laubach, Frank Charles, 1884-1970.",lcnaf,http://id.loc.gov/authorities/names/n82144450
"Laudico, Yolande.",lcnaf,
"Laue, Max von, 1879-1960.",lcnaf,http://id.loc.gov/authorities/names/n80034088
"Lauer, Frank E.",lcnaf,
"Lauersdorf, R. (Robin)",lcnaf,
"Laughlin, J. Laurence (James Laurence), 1850-1933.",lcnaf,http://id.loc.gov/authorities/names/n80094487
"Laurel, Jose P. (Jose Paciano), 1891-1959.",lcnaf,http://id.loc.gov/authorities/names/n81147296
"Lausche, Frank John, 1895-1990",lcnaf,http://id.loc.gov/authorities/names/n96063549
"Laver, Rod.",lcnaf,
"Lawrence, David Leo, 1889-1966.",lcnaf,http://id.loc.gov/authorities/names/n86019285
"Lawrence, David, 1888-",lcnaf,
"Lawrence, Edwin A.",lcnaf,
"Lawrence, Ernest Orlando, 1901-1958.",lcnaf,http://id.loc.gov/authorities/names/n81071818
"Lawrence, Gordon D., 1930-",lcnaf,
"Lawrence, Howard Cyrus, 1890-1961.",lcnaf,http://id.loc.gov/authorities/names/no2008183527
"Lawrence, Howard Cyrus, 1916-",lcnaf,
"Lawrence, Luther E., 1914-",lcnaf,
"Lawrence, Paul R.",lcnaf,http://id.loc.gov/authorities/names/n50037204
"Lawrence, Walter A., 1932-",lcnaf,
"Lawrence, William Henry, b. 1868.",lcnaf,
"Lawrence, William Wolcott.",lcnaf,
"Lawton, Charles De Witt, 1835-1909.",lcnaf,
"Lawton, James Frederick, 1888-1969.",lcnaf,http://id.loc.gov/authorities/names/no2006035848
"Lay, Walter Edwin.",lcnaf,
"LeFavour, David, 1873-1910.",lcnaf,
"LeFevre, Robert, 1911-",lcnaf,http://id.loc.gov/authorities/names/n87909890
"LeHand, Margaret.",lcnaf,
"LeRoy, James A. (James Alfred), 1875-1909.",lcnaf,http://id.loc.gov/authorities/names/nr96018829
"LeRoy, Mabel.",lcnaf,
"LeWand, F. Thomas.",lcnaf,
"Leach, DeWitt C., b. 1832.",lcnaf,
"Leach, James.",lcnaf,
"Leach, M. L. (Morgan Lewis), 1821-",lcnaf,http://id.loc.gov/authorities/names/no2010031326
"Leach, Russell, 1917-",lcnaf,
"Leacock, Stephen, 1869-1944.",lcnaf,http://id.loc.gov/authorities/names/n50042556
"Leahy, William D.",lcnaf,http://id.loc.gov/authorities/names/n79059350
"Learer, F. H.",lcnaf,
"Leary, Timothy, 1920-1996.",lcnaf,http://id.loc.gov/authorities/names/n79060983
"Lecocq, Charles, 1832-1918.",lcnaf,http://id.loc.gov/authorities/names/n82099811
"Lecznar, Stella.",lcnaf,
"Lederle, Arthur F., 1887-",lcnaf,
"Lederle, John William, 1912-",lcnaf,
"Ledyard, Henry, 1812-1880.",lcnaf,http://id.loc.gov/authorities/names/nr92043399
"Lee, Alfred McClung, 1906-",lcnaf,http://id.loc.gov/authorities/names/n50039698
"Lee, Alfred Oughton, 1873-1938.",lcnaf,
"Lee, Ed, 1905-",lcnaf,
"Lee, Frederic S. (Frederic Schiller), 1859-1939.",lcnaf,http://id.loc.gov/authorities/names/n84803110
"Lee, Gilbert Lamont, 1919-",lcnaf,
"Lee, Jennie, 1904-",lcnaf,http://id.loc.gov/authorities/names/n81015614
"Lee, Jennie.",lcnaf,
"Lee, Joseph T. A.",lcnaf,
"Lee, Mabel.",lcnaf,http://id.loc.gov/authorities/names/nr94029651
"Lee, Robert E. (Robert Edward), 1807-1870.",lcnaf,http://id.loc.gov/authorities/names/n80044891
"Lee, Sarah.",lcnaf,
"Lee, Spencer D.",lcnaf,
"Leech, Carl Addison.",lcnaf,
"Leete, Frederick Deland, 1866-1958.",lcnaf,http://id.loc.gov/authorities/names/n85059686
"Lefavour, Henry, 1862-1946.",lcnaf,http://id.loc.gov/authorities/names/nr00035687
"Lefevere, Peter Paul, 1804-1869.",lcnaf,
"Leffler, Emil, 1899-",lcnaf,
"Leggat, Al, 1914-",lcnaf,
"Leggett, John C.",lcnaf,http://id.loc.gov/authorities/names/n50037965
"Lehman, Barbara.",lcnaf,http://id.loc.gov/authorities/names/n90615735
"Lehman, Evangeline Marie, 1896-1975.",lcnaf,
"Lehman, Herbert H. (Herbert Henry), 1878-1963.",lcnaf,http://id.loc.gov/authorities/names/n86111057
"Lehman, Ira A., 1891-1992.",lcnaf,
"Lehmann, Charles Frederick, 1922-",lcnaf,
"Lehr, John Camillus, 1878-1958.",lcnaf,
"Leidlein, John, b. 1864.",lcnaf,
"Leidy, Kathryn.",lcnaf,
"Leidy, Paul Allen B., 1888-",lcnaf,
"Leiper, Henry Smith, 1891-1975",lcnaf,http://id.loc.gov/authorities/names/n86140882
"Leith, Emmett N.",lcnaf,http://id.loc.gov/authorities/names/no98092827
"Lejeune, John Archer, 1867-1942.",lcnaf,http://id.loc.gov/authorities/names/n79072807
"Leland, Frank Bruce.",lcnaf,
"Leland, Henry Martyn, 1843-1932.",lcnaf,http://id.loc.gov/authorities/names/n85386182
"Lembert, Max E. (Max Ernest), d. 1925.",lcnaf,
"Lemble, George Francis",lcnaf,
"Lemble, George Francis, 1924-1974.",lcnaf,
"Lemke, William, 1878-1950.",lcnaf,http://id.loc.gov/authorities/names/n88274236
"Lemmer, Elizabeth, collector.",lcnaf,
"Lemmer, Victor F.",lcnaf,http://id.loc.gov/authorities/names/n87915082
"Lemon, William Philip, 1882-1967.",lcnaf,
"Lengel, William C. (William Charles), 1888-1965.",lcnaf,http://id.loc.gov/authorities/names/no91014603
"Lenhart, Laurence G., 1893-",lcnaf,
"Lennon, John, 1940-1980.",lcnaf,http://id.loc.gov/authorities/names/n80017868
"Lennon, Peter B., 1878-",lcnaf,
"Lens, Sidney.",lcnaf,http://id.loc.gov/authorities/names/n80002267
"Leon, Felipe M.",lcnaf,
"Leonard, Donald S. (Donald Sparling), 1903-1976.",lcnaf,
"Leonard, Irving A. (Irving Albert), 1896-1996.",lcnaf,http://id.loc.gov/authorities/names/n50049792
"Leonard, Justin W., 1909-1975.",lcnaf,
"Leonard, Thomas.",lcnaf,
"Leone, Lucile Petry, 1902-1999.",lcnaf,http://id.loc.gov/authorities/names/n78029710
"Leopold, Aldo, 1886-1948.",lcnaf,http://id.loc.gov/authorities/names/n50049888
"Leopold, Nathan Freudenthal, 1904-1971.",lcnaf,http://id.loc.gov/authorities/names/n50049890
"Lerman, Liz.",lcnaf,http://id.loc.gov/authorities/names/n83214418
"Lerner, Max, 1902-1992",lcnaf,http://id.loc.gov/authorities/names/n79147884
"Lesch, James.",lcnaf,
"Lesinski, John, 1885-1950.",lcnaf,http://id.loc.gov/authorities/names/no2009002843
"Lesinski, John, 1914-",lcnaf,
"Lesinski, John, 1914-2005.",lcnaf,
"Lesinski, T. John.",lcnaf,
"Leskinski, T. John, 1925-",lcnaf,
"Leslie, Dale R.",lcnaf,
"Leslie, Dale R., collector",lcnaf,
"Leslie, Elizabeth A.",lcnaf,
"Leslie, Eugene H. (Eugene Hendricks), b. 1892.",lcnaf,http://id.loc.gov/authorities/names/n91085886
"Leutheuser, Margaret.",lcnaf,
"Levi, Moritz, b. 1857.",lcnaf,
"Levi-Strauss, Claude.",lcnaf,http://id.loc.gov/authorities/names/n79011221
"Levin, Meyer, 1905-1981",lcnaf,http://id.loc.gov/authorities/names/n79055883
"Levin, Sander, 1931-",lcnaf,
"Levin, Saul R.",lcnaf,
"Levinson, Harold Myer, 1919-",lcnaf,http://id.loc.gov/authorities/names/n50049125
"Levitas, Mollie, 1885-",lcnaf,
"Lewin, Kurt, 1890-1947.",lcnaf,http://id.loc.gov/authorities/names/n79045499
"Lewis, Anthony, 1927-2013",lcnaf,http://id.loc.gov/authorities/names/n50049249
"Lewis, C. S. (Clive Staples), 1898-1963.",lcnaf,http://id.loc.gov/authorities/names/n79003974
"Lewis, Charles E.",lcnaf,
"Lewis, David J. (David John), 1869-1952.",lcnaf,http://id.loc.gov/authorities/names/n88222542
"Lewis, Donald J. (Donald John), 1926-",lcnaf,http://id.loc.gov/authorities/names/n88671053
"Lewis, Earl.",lcnaf,
"Lewis, Fulton, 1903-1966.",lcnaf,http://id.loc.gov/authorities/names/n88172394
"Lewis, Henry, 1893-",lcnaf,
"Lewis, Howard Bishop, 1887-1954.",lcnaf,
"Lewis, James A.",lcnaf,
"Lewis, James H.",lcnaf,http://id.loc.gov/authorities/names/n87947542
"Lewis, John Llewellyn, 1880-1969.",lcnaf,http://id.loc.gov/authorities/names/n50049279
"Lewis, John, 1940-",lcnaf,
"Lewis, Robert E.",lcnaf,
"Lewis, Sinclair, 1885-1951.",lcnaf,http://id.loc.gov/authorities/names/n79023149
"Lewis, William Augustus, 1825-1917.",lcnaf,
"Lewisohn, Ludwig, 1882-1955.",lcnaf,http://id.loc.gov/authorities/names/n50049893
"Libby, Frederick J. (Frederick Joseph), 1874-1970",lcnaf,http://id.loc.gov/authorities/names/n81024889
"Liddicoat, Richard T. (Richard Thomas), 1918-2002",lcnaf,http://id.loc.gov/authorities/names/n87944966
"Liddicoat, Richard T. (Richard Thomas), b. 1891.",lcnaf,
"Lie, Trygve, 1896-1968.",lcnaf,http://id.loc.gov/authorities/names/n88263254
"Liebold, Ernest G., 1884-",lcnaf,
"Lifschitz, Max.",lcnaf,
"Lighthall, Dow L., b. 1809.",lcnaf,
"Lightner, Candy.",lcnaf,http://id.loc.gov/authorities/names/n90625191
"Lightner, Clarence Ashley, 1862-1938.",lcnaf,
"Likert, Jane Gibson.",lcnaf,http://id.loc.gov/authorities/names/no97004401
"Likert, Rensis, 1903-",lcnaf,
"Likert, Rensis, 1903-1981",lcnaf,http://id.loc.gov/authorities/names/n50050159
"Lilienthal, David Eli, 1899-1981.",lcnaf,http://id.loc.gov/authorities/names/n80009867
"Lillie, Frank Rattray, 1870-1947.",lcnaf,http://id.loc.gov/authorities/names/n87834084
"Lillie, Guy.",lcnaf,
"Lilly, Albert John.",lcnaf,
"Lilly, Eli, 1885-1977",lcnaf,http://id.loc.gov/authorities/names/n82240486
"Lim, Linda.",lcnaf,http://id.loc.gov/authorities/names/n78020279
"Limprecht, Marta.",lcnaf,
"Lincoln, Abraham, 1809-1865.",lcnaf,http://id.loc.gov/authorities/names/n79006779
"Lincoln, Burr, 1880-1937.",lcnaf,
"Lincoln, Esther, 1879-1961.",lcnaf,
"Lincoln, George A. (George Arthur), 1907-1975",lcnaf,http://id.loc.gov/authorities/names/n50051487
"Lincoln, James H.",lcnaf,http://id.loc.gov/authorities/names/n85051179
"Lincoln, James H. Fiery trial.",lcnaf,
"Lincoln, Joseph Newhall, 1892-1945.",lcnaf,http://id.loc.gov/authorities/names/nr93005046
"Lincoln, Lansing E. (Lansing Edward), 1842-1916.",lcnaf,
"Lincoln, Lawrence J. (Lawrence Joseph), 1909-",lcnaf,
"Lincoln, Mary Todd, 1818-1882.",lcnaf,http://id.loc.gov/authorities/names/n50051490
"Lind, James, 1716-1794.",lcnaf,http://id.loc.gov/authorities/names/n84805668
"Lindbergh, Charles A. (Charles Augustus), 1902-1974.",lcnaf,http://id.loc.gov/authorities/names/n79100565
"Lindeman, Joyce.",lcnaf,
"Lindemer, Lawrence B.",lcnaf,
"Lindemer, Lawrence B. 1921-",lcnaf,
"Linden, Judson.",lcnaf,
"Linderholm, C. Lincoln.",lcnaf,
"Lindley, Ernest Kidder, 1899-",lcnaf,http://id.loc.gov/authorities/names/n50050858
"Lindsay, Catherine, 1842-1923.",lcnaf,
"Lindsey, Ben B. (Ben Barr), 1869-1943.",lcnaf,http://id.loc.gov/authorities/names/n50050879
"Lindsey, Fanny Cole.",lcnaf,
"Lindzey, Gardner.",lcnaf,http://id.loc.gov/authorities/names/n79043680
"Ling, Shata Lurie.",lcnaf,
"Linsley, Edward B., b. 1847.",lcnaf,
"Linton, Ralph, 1893-1953.",lcnaf,http://id.loc.gov/authorities/names/n80070559
"Linville, Henry R. (Henry Richardson), 1866-1941",lcnaf,http://id.loc.gov/authorities/names/n91009408
"Lipphard, William B. (William Benjamin), b. 1886.",lcnaf,http://id.loc.gov/authorities/names/no93015421
"Lippitt, Ronald.",lcnaf,http://id.loc.gov/authorities/names/n79006498
"Lippmann, Walter, 1889-1974.",lcnaf,http://id.loc.gov/authorities/names/n80019504
"Lipscomb, Glenard Paul, 1915-",lcnaf,
"Lister, Frances.",lcnaf,
"Liszt, Franz, 1811-1886.",lcnaf,http://id.loc.gov/authorities/names/n79079048
"Litchfield, Edward H. (Edward Harold), 1914-1968.",lcnaf,http://id.loc.gov/authorities/names/no97000797
"Litchfield, Edward Harold, 1914-1968.",lcnaf,http://id.loc.gov/authorities/names/no97000797
"Littell, Franklin Hamlin.",lcnaf,
"Littell, Norman M.",lcnaf,
"Little, Clarence C. (Clarence Cook), b. 1888.",lcnaf,
"Little, Doris.",lcnaf,
"Littlefair, Duncan Elliot, 1912-",lcnaf,
"Littlefield, Josiah L. (Josiah Loomis), 1845-1935.",lcnaf,
"Littmann, David L.",lcnaf,http://id.loc.gov/authorities/names/no2011081792
"Livingston, Goodhue, 1867-1951.",lcnaf,
"Livingstone, William, 1844-1925.",lcnaf,
"Llewellyn, Karl N. (Karl Nickerson), 1893-1962.",lcnaf,http://id.loc.gov/authorities/names/n85098478
"Lloyd, Alfred H. (Alfred Henry), 1864-1927.",lcnaf,http://id.loc.gov/authorities/names/n87126725
"Lloyd, Alfred Henry, 1864-1927",lcnaf,
"Lloyd, Alice Crocker, 1893-1950.",lcnaf,
"Lloyd, Lola Maverick, 1875-1944.",lcnaf,http://id.loc.gov/authorities/names/n90688732
"Lloyd, William B., Jr.",lcnaf,
"Lobsinger, Donald.",lcnaf,
"Lochner, Louis Paul, 1887-1975.",lcnaf,http://id.loc.gov/authorities/names/n50050756
"Lockley, Amelia.",lcnaf,
"Lockley, George, b. 1836.",lcnaf,
"Lockwood, Albert Lewis, 1871-1933.",lcnaf,
"Lockwood, Harry Albert, 1861-1920.",lcnaf,
"Lodge, Henry Cabot, 1850-1924.",lcnaf,http://id.loc.gov/authorities/names/n79092575
"Lodge, Henry Cabot, Jr., 1902-1985",lcnaf,http://id.loc.gov/authorities/names/n50039542
"Lodge, John Christian, 1862-1950.",lcnaf,
"Lodge, John Davis, 1903-1985.",lcnaf,http://id.loc.gov/authorities/names/no89017529
"Loeb, Jacques, 1859-1924.",lcnaf,http://id.loc.gov/authorities/names/n50039465
"Loeb, Richard A., 1905-1936.",lcnaf,http://id.loc.gov/authorities/names/n50048217
"Logan, John A.",lcnaf,
"Logan, Walter S. (Walter Seth), 1847-1906.",lcnaf,http://id.loc.gov/authorities/names/n83192062
"Lohbeck, Donald, 1917-",lcnaf,
"Lohr, Mary.",lcnaf,http://id.loc.gov/authorities/names/n2004116857
"Lohr, Paul.",lcnaf,
"Lombard, Warren P. (Warren Plimpton), 1855-1939.",lcnaf,http://id.loc.gov/authorities/names/n2006182890
"London, Meyer, 1871-1926.",lcnaf,http://id.loc.gov/authorities/names/n2012078272
"Lonergan, Augustine, 1874-1947.",lcnaf,http://id.loc.gov/authorities/names/n2001120290
"Long, Breckinridge, 1881-1958.",lcnaf,http://id.loc.gov/authorities/names/n86071919
"Long, Earl Kemp, 1895-1960.",lcnaf,http://id.loc.gov/authorities/names/n85042061
"Long, Edward V. (Edward Vaughn), 1908-1972",lcnaf,http://id.loc.gov/authorities/names/n88002802
"Long, John Cuthbert, 1892-",lcnaf,http://id.loc.gov/authorities/names/no00019807
"Long, John Davis, 1838-1915.",lcnaf,http://id.loc.gov/authorities/names/n79072654
"Long, Ray, 1878-1935.",lcnaf,http://id.loc.gov/authorities/names/n86071920
"Long, Russell B.",lcnaf,http://id.loc.gov/authorities/names/n79041849
"Long, Thomas G., 1883-1973.",lcnaf,
"Longman, Frank.",lcnaf,
"Longyear, Ephraim, 1827-1889.",lcnaf,
"Longyear, John Munro, 1850-1922.",lcnaf,http://id.loc.gov/authorities/names/n88671461
"Longyear, John Wesley, 1820-1875.",lcnaf,http://id.loc.gov/authorities/names/nr00003373
"Loomis, Homer.",lcnaf,
"Loomis, Jonathan.",lcnaf,
"Loomis, Maxine E.",lcnaf,http://id.loc.gov/authorities/names/nr92024518
"Loomis, Ralph A., 1923-",lcnaf,http://id.loc.gov/authorities/names/n85240428
"Lorch, Emil, 1870-1963.",lcnaf,http://id.loc.gov/authorities/names/nr97041447
"Lord, John Wesley, 1902-",lcnaf,
"Lord, Russell, 1895-1964.",lcnaf,http://id.loc.gov/authorities/names/n50042296
"Loree, Douglas D.",lcnaf,
"Lorimer, William, 1861-1934.",lcnaf,http://id.loc.gov/authorities/names/no98123404
"Losh, Hazel Marie, 1898-1978.",lcnaf,
"Lothrop, Edwin H., 1806-1874.",lcnaf,
"Lothrop, George Howard, d. 1896.",lcnaf,
"Lothrop, George Van Ness, 1817-1897.",lcnaf,http://id.loc.gov/authorities/names/n2001061676
"Louchheim, Katie, 1903-1991",lcnaf,http://id.loc.gov/authorities/names/n83129663
"Loud, Edward F.",lcnaf,
"Loud, George Alvin, 1852-1925.",lcnaf,http://id.loc.gov/authorities/names/no2008190066
"Loud, Percy.",lcnaf,
"Loughray, John J., collector",lcnaf,
"Louis, Joe, 1914-1981.",lcnaf,http://id.loc.gov/authorities/names/n80024557
"Love, Edmund G.",lcnaf,http://id.loc.gov/authorities/names/n80034078
"Lovejoy, P. S., 1884-1942.",lcnaf,
"Lovejoy, Parrish Storrs, 1884-1942.",lcnaf,
"Lovejoy, Parrish Storrs, 1884-1992",lcnaf,
"Lovell, Almira F.",lcnaf,
"Lovell, Louis S., b. 1816.",lcnaf,
"Loveman, Amy.",lcnaf,http://id.loc.gov/authorities/names/n86022210
"Lovett, John L.",lcnaf,
"Lovett, Robert A. (Robert Abercrombie), 1895-1986",lcnaf,http://id.loc.gov/authorities/names/n90660497
"Lovett, Robert Morss, 1870-1956.",lcnaf,http://id.loc.gov/authorities/names/n50038889
"Lovett, William Pierce, 1872-",lcnaf,
"Low, Seth, 1850-1916.",lcnaf,http://id.loc.gov/authorities/names/n86071930
"Lowden, Frank O. (Frank Orren), 1861-1943.",lcnaf,http://id.loc.gov/authorities/names/n85173288
"Lowe, Berenice Bryant.",lcnaf,http://id.loc.gov/authorities/names/n85274911
"Lowell, A. Lawrence (Abbott Lawrence), 1856-1943.",lcnaf,http://id.loc.gov/authorities/names/n50040391
"Lowell, Dwight Nelson, d. 1907, collector",lcnaf,
"Lowell, Dwight Nelson, d. 1907.",lcnaf,
"Lowell, Robert, 1917-1977.",lcnaf,http://id.loc.gov/authorities/names/n79023350
"Lowery, Percival C., 1885-1978.",lcnaf,
"Lowrie, Donald A., (Donald Alexander), 1889-1974.",lcnaf,http://id.loc.gov/authorities/names/n91088667
"Lowry, Robert, 1919-1994",lcnaf,http://id.loc.gov/authorities/names/n84077744
"Lubin, Isador, 1896-1978",lcnaf,http://id.loc.gov/authorities/names/n90660811
"Lucas, Henry Stephen, 1889-1961.",lcnaf,
"Lucas, Mae Whitacre.",lcnaf,
"Lucas, Scott Wike, 1892-1968",lcnaf,http://id.loc.gov/authorities/names/no2002110182
"Lucas, William, 1928-",lcnaf,http://id.loc.gov/authorities/names/no91002221
"Luce, Clare Boothe, 1903-1987.",lcnaf,http://id.loc.gov/authorities/names/n50048840
"Luce, Constant.",lcnaf,
"Luce, Cyrus Gray, 1824-1905.",lcnaf,
"Luce, Henry Robinson, 1898-1967.",lcnaf,http://id.loc.gov/authorities/names/n50048448
"Luce, Robert Harding, 1900-",lcnaf,
"Luce, Robert.",lcnaf,
"Lucia, Carmen, 1902-",lcnaf,http://id.loc.gov/authorities/names/n92080645
"Ludwig, Carl, 1816-1895.",lcnaf,http://id.loc.gov/authorities/names/n79135283
"Ludwig, Frederick Edwin, 1909-",lcnaf,
"Ludwig, Martha",lcnaf,
"Ludwig, Oscar C.",lcnaf,
"Ludwig, Ruby.",lcnaf,
"Luecke, John, 1889-1952.",lcnaf,
"Lund, Don.",lcnaf,
"Lunde, Erling H.",lcnaf,http://id.loc.gov/authorities/names/n90684742
"Lunden, Herman, 1859-1929.",lcnaf,
"Lundy, Benjamin, 1789-1839.",lcnaf,http://id.loc.gov/authorities/names/n50043010
"Lunsford, Frank J.",lcnaf,
"Lunsford, Minnie.",lcnaf,
"Luscomb, Florence, 1887-",lcnaf,http://id.loc.gov/authorities/names/n79028772
"Lusk, Graham, 1866-1932.",lcnaf,http://id.loc.gov/authorities/names/n88627201
"Lusk, Sally.",lcnaf,
"Luther, E. Hardy, 1898-1982.",lcnaf,
"Luther, George Edwin.",lcnaf,
"Lutz, Arthur.",lcnaf,
"Lutz, Bert.",lcnaf,
"Lutz, Betty.",lcnaf,
"Luwdig, Martha.",lcnaf,
"Lynch, Florence, 1911-",lcnaf,
"Lynch, Frederick Henry, 1867-1934.",lcnaf,http://id.loc.gov/authorities/names/no2014120157
"Lynch, John David, 1890-1946.",lcnaf,
"Lynn, Janet D.",lcnaf,
"Lyon, G. Collins.",lcnaf,
"Lyon, Lucius, 1800-1851.",lcnaf,http://id.loc.gov/authorities/names/n91111209
"Lyons, Chalmers John, 1874-1935.",lcnaf,
"Lyons, Eugene, 1898-1985",lcnaf,http://id.loc.gov/authorities/names/n50043057
"Lyons, Louis Martin, 1897-1982",lcnaf,http://id.loc.gov/authorities/names/no98056136
"Lyster, William Narcissus.",lcnaf,
"Lytle, R. J., 1919-",lcnaf,http://id.loc.gov/authorities/names/n79043148
"Lyttle, Alfred E.",lcnaf,
"Lönberg-Holm, Knud, 1895-",lcnaf,
M.O.S.E.S.,lcnaf,
"Maassab, Hunein F. ""John""",lcnaf,
"Maazel, Lorin, 1930-2014",lcnaf,http://id.loc.gov/authorities/names/n81043282
"Mabie, Henry Clay, 1847-1918.",lcnaf,http://id.loc.gov/authorities/names/nb2012020140
"MacAdam, Barbara",lcnaf,
"MacAdam, Barbara, 1947-",lcnaf,http://id.loc.gov/authorities/names/n93015403
"MacArthur, Douglas, 1880-1964.",lcnaf,http://id.loc.gov/authorities/names/n79054196
"MacArthur, Jean Faircloth.",lcnaf,http://id.loc.gov/authorities/names/n97079701
"MacChesney, Nathan William, 1878-1954.",lcnaf,http://id.loc.gov/authorities/names/n90610770
"MacCoby, Eleanor E., 1917-",lcnaf,http://id.loc.gov/authorities/names/n80051542
"MacDonald, Dwight.",lcnaf,http://id.loc.gov/authorities/names/n50037447
"MacDonald, Kenneth H. (Kenneth Hugh), 1921-1989.",lcnaf,
"MacDonald, Kenneth.",lcnaf,http://id.loc.gov/authorities/names/n85024333
"MacDonald, Thomas H. (Thomas Harris), b. 1881.",lcnaf,
"MacDougal, Ron.",lcnaf,
"MacFarland, W. Henry.",lcnaf,
"MacGregor, Frank Silver, 1897-1971.",lcnaf,
"MacIver, Robert M. (Robert Morrison), 1882-1970.",lcnaf,http://id.loc.gov/authorities/names/n50047935
"MacLachlan, James Angell, 1891-1967",lcnaf,http://id.loc.gov/authorities/names/n87837691
"MacLean, Donald, 1839-1903.",lcnaf,
"MacLean, Eugene.",lcnaf,http://id.loc.gov/authorities/names/n90651557
"MacLeish, Archibald, 1892-1982.",lcnaf,http://id.loc.gov/authorities/names/n80015459
"MacManus, Seumas, 1869-1960.",lcnaf,http://id.loc.gov/authorities/names/n50042713
"MacMillan, D. P.",lcnaf,
"MacNeill, Ben Dixon, 1889-1960.",lcnaf,http://id.loc.gov/authorities/names/n96085413
"MacNeish, Richard S.",lcnaf,
"MacNoughton, James.",lcnaf,
"Macalla, Michael J.",lcnaf,
"Macauley, Alvan, 1872-1952.",lcnaf,
"Macauley, Thomas Babbington.",lcnaf,
"Machrowicz, Thaddeus Michael, 1899-1970",lcnaf,http://id.loc.gov/authorities/names/no97031930
"Mack, Christian, 1834-1902.",lcnaf,
"Mack, Connie, 1862-1956.",lcnaf,http://id.loc.gov/authorities/names/n80001152
"Mack, John M.",lcnaf,
"Mack, Stephen, 1762-1826.",lcnaf,
"Mack, Temperance, d. 1850.",lcnaf,
"Mackay, John Alexander, 1889-1983",lcnaf,http://id.loc.gov/authorities/names/n79056342
"Mackenzie, William Dexter, 1873-1960.",lcnaf,
"Mackie, John C.",lcnaf,
"Maclean, Fitzroy, 1911-1996.",lcnaf,http://id.loc.gov/authorities/names/n79060691
"Macmillan, Harold, 1894-1986.",lcnaf,http://id.loc.gov/authorities/names/n50042715
"Madarang, Felipe.",lcnaf,
"Madden, Martin Barnaby, 1855-1928.",lcnaf,
"Maddy, Joseph E. (Joseph Edgar), 1891-1966.",lcnaf,http://id.loc.gov/authorities/names/n91111361
"Madison, Dolley, 1768-1849.",lcnaf,http://id.loc.gov/authorities/names/n50039293
"Madrigal, Pacita.",lcnaf,
"Magnaghi, Russell M.",lcnaf,
"Magnuson, Warren G. (Warren Grant), 1905-1989",lcnaf,http://id.loc.gov/authorities/names/n50040171
"Magsaysay, Ramon, 1907-1957.",lcnaf,http://id.loc.gov/authorities/names/n82048848
"Mahon, George Herman, 1900-1985.",lcnaf,http://id.loc.gov/authorities/names/n91061544
"Maier, Norman R. F. (Norman Raymond Frederick), 1900-1977",lcnaf,http://id.loc.gov/authorities/names/n50037888
"Maier, Walter Arthur, 1893-1950.",lcnaf,http://id.loc.gov/authorities/names/n80076472
"Maietta, Julia L. (Julia Luigia), 1909-1994",lcnaf,http://id.loc.gov/authorities/names/no2005115903
"Mailer, Norman.",lcnaf,http://id.loc.gov/authorities/names/n79084818
"Mains, E. B. (Edwin Butterworth), 1890-1968",lcnaf,http://id.loc.gov/authorities/names/no2005001441
"Maitland, Lester J.",lcnaf,
"Major, Nettie Leitch.",lcnaf,http://id.loc.gov/authorities/names/n88653165
"Makarem, Julia.",lcnaf,
"Makled, Hussein.",lcnaf,
"Malcolm, George A. (George Arthur), 1881-1961.",lcnaf,http://id.loc.gov/authorities/names/n92120793
"Malcolm, George Arthur, 1881-1961.",lcnaf,http://id.loc.gov/authorities/names/n92120793
"Malcolmson, Reginald, 1912-",lcnaf,http://id.loc.gov/authorities/names/nr94005915
"Malcomson, William G., 1853-1937.",lcnaf,
"Malesky, George.",lcnaf,
"Malinowski, Bronislaw, 1884-1942.",lcnaf,http://id.loc.gov/authorities/names/n50040651
"Malko, Nicolai, 1883-1961.",lcnaf,http://id.loc.gov/authorities/names/n81003304
"Mallett, Reginald, 1893-1965.",lcnaf,http://id.loc.gov/authorities/names/no2010006092
"Malone, Dudley Field, 1882-1950.",lcnaf,
"Malone, Dumas, 1892-1986",lcnaf,http://id.loc.gov/authorities/names/n79061940
"Malone, Wallace.",lcnaf,
"Maloney, Francis.",lcnaf,
"Mandel, William M.",lcnaf,http://id.loc.gov/authorities/names/n84127876
"Mandela, Nelson, 1918-2013",lcnaf,http://id.loc.gov/authorities/names/n85153068
"Manfred, Frank.",lcnaf,
"Mann, C. M.",lcnaf,
"Mann, Charles Riborg, 1869-1942.",lcnaf,http://id.loc.gov/authorities/names/n83228678
"Mann, Floyd Christopher, 1917-",lcnaf,http://id.loc.gov/authorities/names/n79021160
"Mann, Herbie, 1930-2003.",lcnaf,http://id.loc.gov/authorities/names/n82019972
"Mann, Richard D. (Richard Dewey), 1933-",lcnaf,http://id.loc.gov/authorities/names/n83163858
"Mann, Thomas, 1875-1955.",lcnaf,http://id.loc.gov/authorities/names/n78095625
"Manning, John C. (John Charles), 1893-1967.",lcnaf,
"Manning, John L.",lcnaf,
"Manning, Michael J.",lcnaf,
"Manny, Annette Sawyer.",lcnaf,
"Manny, Frank Addison, 1868-1954.",lcnaf,http://id.loc.gov/authorities/names/no2006019761
"Mansfield, Mike, 1903-2001",lcnaf,http://id.loc.gov/authorities/names/n79132138
"Mantle, Lee, 1851-1934.",lcnaf,http://id.loc.gov/authorities/names/n2006160846
"Manupelli, George.",lcnaf,http://id.loc.gov/authorities/names/no2004086603
"Manwaring, Joshua, 1824-1903.",lcnaf,
"Mao, Tse-tung, 1893-1976.",lcnaf,http://id.loc.gov/authorities/names/n78087649
"Mapes, Carl Edgar, 1874-1939.",lcnaf,http://id.loc.gov/authorities/names/no2008189047
"Mapes, Carl Herbert, 1900-",lcnaf,
"Marc, Alexandre.",lcnaf,http://id.loc.gov/authorities/names/n50040668
"Marcelo, Cynthia.",lcnaf,
"March, Benjamin Franklin, 1899-1934.",lcnaf,
"Marckwardt, Albert Henry, 1903-1975.",lcnaf,http://id.loc.gov/authorities/names/n80004909
"Marcos, Ferdinand E. (Ferdinand Edralin), 1917-1989.",lcnaf,http://id.loc.gov/authorities/names/n80069013
"Marcy, Oliver, 1820-1899.",lcnaf,http://id.loc.gov/authorities/names/n86827525
"Margolis, Philip M., 1925-",lcnaf,
"Margry, Pierre, 1818-1894.",lcnaf,http://id.loc.gov/authorities/names/n50040790
"Marin, Fredrik, 1898-",lcnaf,
"Marion, Leland L., 1895-",lcnaf,
"Mark, E. L. (Edward Laurens), b. 1847.",lcnaf,
"Mark, Michael L.",lcnaf,
"Markert, Clement L. (Clement Lawrence), 1917-1999.",lcnaf,http://id.loc.gov/authorities/names/n86019308
"Markey, Daniel P., b. 1857.",lcnaf,
"Markham, Anna Catherine, 1859-1938.",lcnaf,http://id.loc.gov/authorities/names/n86111466
"Markham, Edwin, 1852-1940.",lcnaf,http://id.loc.gov/authorities/names/n50041824
"Markley, Joseph Lybrand, 1859-1930.",lcnaf,http://id.loc.gov/authorities/names/no2008189554
"Markley, Mary Elizabeth B., 1864-1956.",lcnaf,
"Marks, Craig.",lcnaf,http://id.loc.gov/authorities/names/n95032553
"Marks, Gregory, 1939-",lcnaf,http://id.loc.gov/authorities/names/n80042648
"Marks, Jeannette Augustus, 1875-1964.",lcnaf,http://id.loc.gov/authorities/names/n50057835
"Marks, Michael.",lcnaf,
"Marley, Harold Parsons.",lcnaf,
"Maroney, Paul.",lcnaf,
"Maroti, Geza.",lcnaf,http://id.loc.gov/authorities/names/nr91015393
"Marquand, Allan, 1853-1924.",lcnaf,http://id.loc.gov/authorities/names/n50041526
"Marquand, John P. (John Phillips), 1893-1960.",lcnaf,http://id.loc.gov/authorities/names/n79061320
"Marquardt, Walter W. (Walter William), 1878-",lcnaf,
"Marquardt, William F.",lcnaf,
"Marquart, Frank, 1898-",lcnaf,
"Marquette, Jacques, 1637-1675.",lcnaf,http://id.loc.gov/authorities/names/n80103649
"Marquis, Samuel Simpson, 1866-",lcnaf,
"Marquis, Stewart.",lcnaf,
"Marr, Richard H.",lcnaf,
"Marsh, Benjamin Clarke, 1877-1952.",lcnaf,http://id.loc.gov/authorities/names/n87130131
"Marsh, Owen.",lcnaf,
"Marsh, Pliny W., 1876-",lcnaf,
"Marshall, Charles Burton, 1908-1999",lcnaf,http://id.loc.gov/authorities/names/n50040966
"Marshall, Charles Edward, 1866-1927.",lcnaf,http://id.loc.gov/authorities/names/no2002107165
"Marshall, George C. (George Catlett), 1880-1959.",lcnaf,http://id.loc.gov/authorities/names/n79109883
"Marshall, Margaret.",lcnaf,
"Marshall, Norma E.",lcnaf,
"Marshall, S. L. A. (Samuel Lyman Atwood), 1900-1977.",lcnaf,http://id.loc.gov/authorities/names/n79063724
"Marshall, Thomas R. (Thomas Riley), 1854-1925.",lcnaf,http://id.loc.gov/authorities/names/n91085671
"Marshall, Thurgood, 1908-1993.",lcnaf,http://id.loc.gov/authorities/names/n50040903
"Marshall, William.",lcnaf,
"Marston, George A.",lcnaf,
"Marston, George A., 1873-",lcnaf,
"Marston, Isaac, 1839-1891.",lcnaf,
"Marston, Thomas Frank, 1869-",lcnaf,
"Martel, Frank Xavier, 1888-",lcnaf,
"Martin, Charlotte Hagans.",lcnaf,
"Martin, Clarence S.",lcnaf,
"Martin, Edward, 1879-1967.",lcnaf,http://id.loc.gov/authorities/names/nr92038308
"Martin, Edward, collector.",lcnaf,
"Martin, George H. (George Henry), 1841-1917.",lcnaf,http://id.loc.gov/authorities/names/n85827792
"Martin, H. B.",lcnaf,
"Martin, John Butlin, 1909-",lcnaf,
"Martin, Joseph William, 1884-1968.",lcnaf,http://id.loc.gov/authorities/names/n86012082
"Martin, Julia Bird.",lcnaf,
"Martin, Paul, 1903-1992",lcnaf,http://id.loc.gov/authorities/names/n84092624
"Martin, Ralph, 1942-",lcnaf,http://id.loc.gov/authorities/names/n50040947
"Martin, Terry.",lcnaf,
"Martindale, Arthur Ingraham, 1910-",lcnaf,
"Martindale, Arthur Ingraham, 1910-1977",lcnaf,
"Martindale, Frederick C.",lcnaf,http://id.loc.gov/authorities/names/no97067271
"Martineau, Harriet, 1802-1876.",lcnaf,http://id.loc.gov/authorities/names/n79027175
"Martineau, James, 1805-1900.",lcnaf,http://id.loc.gov/authorities/names/n85387771
"Marwil, Jonathan, 1940-",lcnaf,http://id.loc.gov/authorities/names/n86057668
"Marx, LeRoy.",lcnaf,
"Marzolf, Marion T.",lcnaf,
"Marzolf, Marion.",lcnaf,
"Mason, Alfred.",lcnaf,
"Mason, Darius.",lcnaf,
"Mason, Emily Virginia.",lcnaf,
"Mason, Emily.",lcnaf,
"Mason, George D., b. 1856.",lcnaf,
"Mason, George DeWitt, b. 1856.",lcnaf,
"Mason, John G.",lcnaf,
"Mason, John Young, 1799-1859.",lcnaf,http://id.loc.gov/authorities/names/n88156123
"Mason, Loraine Olsen, 1922-",lcnaf,
"Mason, Philip P. (Philip Parker), 1927-",lcnaf,http://id.loc.gov/authorities/names/n87875307
"Mason, Stevens Thomson, 1811-1843.",lcnaf,http://id.loc.gov/authorities/names/n81076840
"Mason, William Smith, b. 1866.",lcnaf,
"Massie, Thalia Fortescue, 1910 or 11-1963.",lcnaf,
"Masson, David.",lcnaf,
"Masten, C. C.",lcnaf,
"Mather, Kirtley F. (Kirtley Fletcher), 1888-1978",lcnaf,http://id.loc.gov/authorities/names/n85803448
"Mather, Samuel, 1851-1931.",lcnaf,http://id.loc.gov/authorities/names/n93019768
"Mather, Stephen Tyng, 1867-1930.",lcnaf,http://id.loc.gov/authorities/names/no95050422
"Mather, William Gwinn, 1857-1951.",lcnaf,http://id.loc.gov/authorities/names/n93019870
"Mathews, Abram B.",lcnaf,
"Mathews, Harriet Francis, d. 1866.",lcnaf,
"Mattern, David E., 1890-1959.",lcnaf,
"Mattern, David Earl, 1890-1959.",lcnaf,
"Matthaei, Frederick C. (Frederick Carl), 1892-1973.",lcnaf,http://id.loc.gov/authorities/names/no2008190020
"Matthaei, Frederick Carl, 1892-1973.",lcnaf,http://id.loc.gov/authorities/names/no2008190020
"Matthaei, Frederick Carl, 1925-",lcnaf,
"Matthews, Brander, 1852-1929.",lcnaf,http://id.loc.gov/authorities/names/n80069022
"Matthews, Chandler W.",lcnaf,
"Matthews, David.",lcnaf,
"Matthews, Donald Maxwell, 1886-",lcnaf,
"Matthews, Herbert Lionel, 1900-",lcnaf,http://id.loc.gov/authorities/names/n50006549
"Matthews, Mildred.",lcnaf,
"Matthews, Norman R.",lcnaf,
"Matthews, Rowena G.",lcnaf,
"Mattson, Joseph, 1901-",lcnaf,
"Matuszewski, Walter C.",lcnaf,
"Mauck, Joseph William, 1852-1937.",lcnaf,
"Mauldin, Bill, 1921-2003",lcnaf,http://id.loc.gov/authorities/names/n50006898
"Maupin, Joyce.",lcnaf,http://id.loc.gov/authorities/names/n85273354
"Maurer, Wesley Henry, 1897-",lcnaf,
"Maverick, Maury, 1895-1954.",lcnaf,http://id.loc.gov/authorities/names/n93072514
"Maxey, John O., 1871-1920.",lcnaf,
"Maxwell, Allen Douglas.",lcnaf,
"Maxwell, Lawrence, 1853-1927.",lcnaf,
"Maxwell, Samuel, 1826-1901.",lcnaf,http://id.loc.gov/authorities/names/no90022476
"May, George S.",lcnaf,http://id.loc.gov/authorities/names/n78077453
"May, Herbert Arthur, 1892-1966.",lcnaf,
"May, Rollo.",lcnaf,http://id.loc.gov/authorities/names/n50007062
"May, Thomas, 1860-1927.",lcnaf,
"Mayall, N. U. (Nicholas Ulrich), 1906-1993",lcnaf,http://id.loc.gov/authorities/names/n86861269
"Maybank, Burnet Rhett, 1899-1954.",lcnaf,http://id.loc.gov/authorities/names/n88295983
"Mayberry, William A.",lcnaf,
"Mayer, Louis B. (Louis Burt), 1885-1957.",lcnaf,http://id.loc.gov/authorities/names/n81018659
"Mayer, William E., 1923-",lcnaf,http://id.loc.gov/authorities/names/n80158572
"Mayhew, Ira, 1814-1894.",lcnaf,http://id.loc.gov/authorities/names/n90605058
"Mayman, Martin.",lcnaf,http://id.loc.gov/authorities/names/no2001068883
"Maynard, Bernice G.",lcnaf,
"Maynard, Ezra.",lcnaf,http://id.loc.gov/authorities/names/n2007162235
"Maynard, Olivia.",lcnaf,
"Maynard, William Sumner, 1802-1866.",lcnaf,
"Mayo, Leonard W.",lcnaf,
"Mayo, Perry, 1839-1921.",lcnaf,
"Mayo, William James, 1861-1939.",lcnaf,http://id.loc.gov/authorities/names/n50007348
"Mayo-Smith, Richmond, 1854-1901.",lcnaf,http://id.loc.gov/authorities/names/n87860626
"Mazey, Emil, 1913-1983",lcnaf,http://id.loc.gov/authorities/names/n91001961
"Mazrui, Ali Al Amin.",lcnaf,
"McAdoo, Eleanor Wilson, 1889-1967.",lcnaf,http://id.loc.gov/authorities/names/n84078099
"McAdoo, William Gibbs, 1863-1941.",lcnaf,http://id.loc.gov/authorities/names/n86111164
"McAllister, Andrew B.",lcnaf,
"McAllister, Dorothy Smith, 1899-1983.",lcnaf,http://id.loc.gov/authorities/names/n97062433
"McAllister, Samuel Wilson, 1890-",lcnaf,
"McAllister, Thomas Francis, 1896-",lcnaf,
"McAllister, Thomas Raymond, 1905-",lcnaf,
"McAlvay, Aaron Vance, 1847-1915.",lcnaf,
"McAndrew, Helen Walker, 1826-1906.",lcnaf,http://id.loc.gov/authorities/names/n97018488
"McArdle, Richard E. (Richard Edwin), 1899-1983",lcnaf,http://id.loc.gov/authorities/names/no2012133954
"McBride, Francis Scott, 1872-1955.",lcnaf,http://id.loc.gov/authorities/names/no00080745
"McBride, Mary Margaret, 1899-1976",lcnaf,http://id.loc.gov/authorities/names/n85067869
"McBrier, Edwin Merton, 1865-",lcnaf,
"McCain, R. Faye.",lcnaf,
"McCall, Almon Watson, 1905-1970.",lcnaf,
"McCall, Ernest James, 1873-1950",lcnaf,
"McCall, Jonathan Nicholson, b. 1857.",lcnaf,
"McCallum, George P. (George Porterfield), 1871-1952.",lcnaf,
"McCalmont, Samuel P. (Samuel Plumer), 1823-1904.",lcnaf,
"McCarthy, Eugene J., 1916-2005.",lcnaf,http://id.loc.gov/authorities/names/n80002307
"McCarthy, Eugene, 1916-2005.",lcnaf,http://id.loc.gov/authorities/names/n80002307
"McCarthy, J. P. (Joseph Priestly), 1933-1995.",lcnaf,http://id.loc.gov/authorities/names/n99001088
"McCarthy, Joseph, 1908-1957--Influence.",lcnaf,
"McCarthy, Joseph, 1908-1957.",lcnaf,http://id.loc.gov/authorities/names/n79043290
"McCarthy, Mary Fitt.",lcnaf,
"McCarthy, Thomas J.",lcnaf,
"McCartner, W. C.",lcnaf,
"McCarus, Ernest N. (Ernest Nasseph), 1922-",lcnaf,http://id.loc.gov/authorities/names/n82151084
"McCauley, Dorothy.",lcnaf,
"McClanahan, Jack.",lcnaf,
"McClanahan, Meade.",lcnaf,
"McCleer, Terrence.",lcnaf,
"McClellan, George Brinton, 1826-1885.",lcnaf,http://id.loc.gov/authorities/names/n50014834
"McClellan, John L. (John Little), 1896-1977",lcnaf,http://id.loc.gov/authorities/names/n87870874
"McClelland, Robert, 1807-1880.",lcnaf,http://id.loc.gov/authorities/names/n86054943
"McCloy, Charles H. (Charles Harold), 1886-1959.",lcnaf,http://id.loc.gov/authorities/names/no2004117161
"McCloy, John J. (John Jay), 1895-1989",lcnaf,http://id.loc.gov/authorities/names/n85033594
"McClure, Grace, 1884-",lcnaf,
"McClure, Harry H.",lcnaf,
"McClure, Roy Donaldson, 1882-1951.",lcnaf,
"McClure, William C., 1842-1904.",lcnaf,
"McClusky, Howard Y. (Howard Yale), 1890-1982.",lcnaf,
"McClusky, Howard Y. (Howard Yale), 1900-1982.",lcnaf,
"McCollough, Lucille H.",lcnaf,
"McCollough, Patrick H.",lcnaf,
"McCollum, Walter.",lcnaf,
"McCord, Carey Pratt, 1886-",lcnaf,
"McCormack, John W., 1891-1980.",lcnaf,http://id.loc.gov/authorities/names/n82003102
"McCormick, Anne O'Hare.",lcnaf,
"McCormick, John Newton, 1863-1939.",lcnaf,
"McCoskry, Samuel Allen, 1804-1886.",lcnaf,http://id.loc.gov/authorities/names/n91056413
"McCoy, Isaac, 1784-1846.",lcnaf,http://id.loc.gov/authorities/names/n92024568
"McCoy, Robbie, Mrs.",lcnaf,
"McCracken, Elizabeth.",lcnaf,http://id.loc.gov/authorities/names/n92111648
"McCracken, Marian, 1920-",lcnaf,
"McCracken, Paul W. (Paul Winston), 1915-2012",lcnaf,http://id.loc.gov/authorities/names/n50007462
"McCrea, Archie Elbert, 1880-",lcnaf,
"McCree, Dores.",lcnaf,
"McCree, Wade H. (Wade Hampton), 1920-1987.",lcnaf,http://id.loc.gov/authorities/names/n87891380
"McCreery, Fenton R. (Fenton Reuben), 1866-1940.",lcnaf,
"McCreery, William B. (William Barker), 1836-1896.",lcnaf,http://id.loc.gov/authorities/names/no2013021883
"McCurdy, Allan.",lcnaf,
"McCurry, John C.",lcnaf,
"McDaniel, John K., 1902-",lcnaf,
"McDonald, Christine Jewell.",lcnaf,
"McDonald, Harry A., 1894-1964.",lcnaf,http://id.loc.gov/authorities/names/n90651315
"McDonald, James Henry, 1853-1934.",lcnaf,
"McDonald, John Samuel, 1865-",lcnaf,
"McDowell, C. S.",lcnaf,
"McDowell, Robert H.",lcnaf,
"McElrath, Ah Quon, 1915-",lcnaf,
"McElroy, Neil H. (Neil Hosler), 1904-1972",lcnaf,http://id.loc.gov/authorities/names/n88600059
"McEvoy, Joseph P.",lcnaf,
"McFarlan, James H. (James Hoyt)",lcnaf,
"McFarland, Ernest William, 1894-1984",lcnaf,http://id.loc.gov/authorities/names/n80020498
"McGaffey, Neal.",lcnaf,http://id.loc.gov/authorities/names/n00076660
"McGee, Gale W. (Gale William), 1915-1992.",lcnaf,http://id.loc.gov/authorities/names/n88205753
"McGill, Charles William, 1865-",lcnaf,
"McGill, Eula.",lcnaf,
"McGill, Forrest, 1947-",lcnaf,http://id.loc.gov/authorities/names/n87102493
"McGill, John, 1906-",lcnaf,
"McGinley, Conde, d. 1963.",lcnaf,
"McGorrill, Milton S.",lcnaf,
"McGovern, George S. (George Stanley), 1922-2012",lcnaf,http://id.loc.gov/authorities/names/n80039703
"McGrath, Frank J.",lcnaf,
"McGrath, J. Howard (James Howard), 1903-1966",lcnaf,http://id.loc.gov/authorities/names/n87870677
"McGrath, John W., b. 1837.",lcnaf,
"McGrath, Tom J.",lcnaf,
"McGraw, Harold Whittlesey, 1918-",lcnaf,
"McGregor, Tracy William, 1869-1936.",lcnaf,http://id.loc.gov/authorities/names/no2006059341
"McGuffey, William Holmes, 1800-1873.",lcnaf,http://id.loc.gov/authorities/names/n50007831
"McGuigan, Dorothy Gies.",lcnaf,http://id.loc.gov/authorities/names/n50007843
"McGuire, Matthew F., 1921-",lcnaf,
"McHale, Cecil John, 1899-1948.",lcnaf,
"McHugh, Philip.",lcnaf,
"McIlvaine, Charles, 1840-1909.",lcnaf,http://id.loc.gov/authorities/names/no2003075907
"McInally, William Keith, 1905-1964.",lcnaf,
"McIntire, Carl, 1906-",lcnaf,
"McIntire, Carl, 1906-2002.",lcnaf,http://id.loc.gov/authorities/names/n88005003
"McIntire, Sam, 1915-1988.",lcnaf,
"McIntyre, Donald, 1807-1891.",lcnaf,
"McIntyre, Frank, 1865-1944.",lcnaf,http://id.loc.gov/authorities/names/n2010036185
"McIntyre, Thomas J., 1915-",lcnaf,http://id.loc.gov/authorities/names/n79011594
"McKay, Frank D., 1883-",lcnaf,
"McKay, Frank D., 1883-1965.",lcnaf,
"McKay, Frank, 1883-1965.",lcnaf,
"McKeachie, Wilbert James, 1921-",lcnaf,http://id.loc.gov/authorities/names/n50013517
"McKeithen, John J. (John Julian), 1918-1999",lcnaf,http://id.loc.gov/authorities/names/n88614238
"McKellar, Kenneth Douglas, 1869-1957.",lcnaf,http://id.loc.gov/authorities/names/n92076471
"McKenzie, Roderick Duncan, 1885-1940.",lcnaf,http://id.loc.gov/authorities/names/n50007248
"McKenzie, Walter I. (Walter Ingles), 1888-1962.",lcnaf,
"McKenzie, William Dexter, 1873-1960.",lcnaf,
"McKim, Charles Follen, 1847-1909.",lcnaf,http://id.loc.gov/authorities/names/n83017570
"McKinley, Earl Baldwin, 1894-1938.",lcnaf,http://id.loc.gov/authorities/names/n2011187081
"McKinley, William, 1843-1901.",lcnaf,http://id.loc.gov/authorities/names/n80079701
"McKinney, Francis Fowler, 1891-1972.",lcnaf,
"McKinney, Frank Edward, 1904-1974.",lcnaf,http://id.loc.gov/authorities/names/n2009047043
"McKinney, John, 1803-1870.",lcnaf,
"McKinstry, James P.",lcnaf,
"McKnight, Thomas.",lcnaf,
"McLaren, Walter Wallace.",lcnaf,
"McLaughlin, Andrew Cunningham, 1861-1947.",lcnaf,http://id.loc.gov/authorities/names/n80090331
"McLaughlin, Dean B. (Dean Benjamin), 1901-1965.",lcnaf,http://id.loc.gov/authorities/names/n83827446
"McLaughlin, James Campbell, 1858-1932.",lcnaf,http://id.loc.gov/authorities/names/no2010145273
"McLaughlin, Lois T. (Lois Thompson)",lcnaf,
"McLaughlin, William F., 1932-",lcnaf,
"McLellan, Martha Wells.",lcnaf,
"McLellan, Richard D.",lcnaf,
"McLeod, Clarence John, 1895-1959.",lcnaf,http://id.loc.gov/authorities/names/no2001038264
"McLouth, Lawrence Amos, 1863-1927.",lcnaf,
"McLuhan, Marshall, 1911-1980",lcnaf,http://id.loc.gov/authorities/names/n80126329
"McMahon, Brien, 1903-1952.",lcnaf,http://id.loc.gov/authorities/names/n96087702
"McMahon, Henry O.",lcnaf,
"McMahon, Juliet.",lcnaf,
"McMath, Francis Charles, 1867-1938.",lcnaf,http://id.loc.gov/authorities/names/no2009004416
"McMath, John Watson, b. 1824.",lcnaf,
"McMath, Robert R. (Robert Raynolds), 1891-1962.",lcnaf,http://id.loc.gov/authorities/names/no2008190169
"McMenamy, Patrick Vincent, 1894-1965.",lcnaf,
"McMillan, James, 1838-1902.",lcnaf,http://id.loc.gov/authorities/names/n2005173297
"McMurry, Kenneth Charles.",lcnaf,
"McMurtrie, Douglas C. (Douglas Crawford), 1888-1944.",lcnaf,http://id.loc.gov/authorities/names/n78078748
"McNally, James Wallace, 1911-",lcnaf,
"McNamara, Edward H.",lcnaf,http://id.loc.gov/authorities/names/n93079863
"McNamara, Pat, 1894-1966.",lcnaf,http://id.loc.gov/authorities/names/no2008152067
"McNamara, Patrick Vincent, 1894-1966.",lcnaf,http://id.loc.gov/authorities/names/no2008152067
"McNamara, Robert S., 1916-2009",lcnaf,http://id.loc.gov/authorities/names/n50012933
"McNamee, Robert, 1894-",lcnaf,
"McNamee, Ruth Braden, 1921-",lcnaf,
"McNeely, James, 1930-",lcnaf,
"McNeil, Ella E.",lcnaf,
"McNitt, H. Earl, 1888-1944.",lcnaf,
"McNitt, William H.",lcnaf,http://id.loc.gov/authorities/names/n84104469
"McNutt, Paul Vories, 1891-1951.",lcnaf,
"McNutt, Paul Vories, 1891-1955.",lcnaf,http://id.loc.gov/authorities/names/n91001130
"McOmber, Pearl.",lcnaf,
"McPeek, Russell Roy, 1862-1945.",lcnaf,
"McPhail, Hugh D.",lcnaf,
"McPherson, Hugh Alexander, 1864-1965.",lcnaf,
"McReynolds, James C.",lcnaf,
"McVaugh, Rogers, 1909-2009",lcnaf,http://id.loc.gov/authorities/names/n50007905
"Mead, Edwin Doak, 1849-1937.",lcnaf,
"Mead, George Herbert, 1863-1931.",lcnaf,http://id.loc.gov/authorities/names/n50013667
"Mead, Harry H.",lcnaf,
"Mead, Harry L., 1893-",lcnaf,
"Mead, Kathleen.",lcnaf,
"Mead, Lucia True Ames, 1856-1936.",lcnaf,http://id.loc.gov/authorities/names/n80113829
"Mead, Margaret, 1901-1978.",lcnaf,http://id.loc.gov/authorities/names/n78093416
"Meade, George Gordon, 1815-1872.",lcnaf,http://id.loc.gov/authorities/names/n85220659
"Meader, George, 1907-",lcnaf,
"Meader, George, 1907-1994",lcnaf,http://id.loc.gov/authorities/names/no2008190108
"Meagher, John Patrick, 1922-",lcnaf,
"Meally, John Edward, 1864-",lcnaf,
"Means, David MacGregor, 1847-1931.",lcnaf,http://id.loc.gov/authorities/names/no2002033383
"Means, Russell, 1939-2012.",lcnaf,http://id.loc.gov/authorities/names/n80101360
"Meany, Edmond S. (Edmond Stephen), 1862-1935.",lcnaf,http://id.loc.gov/authorities/names/n85073023
"Meany, George, 1894-1980.",lcnaf,http://id.loc.gov/authorities/names/n50009925
"Mears, Charles B., 1814-1895.",lcnaf,
"Mecham, Floyd R. (Floyd Russell), 1858-1928.",lcnaf,
"Mechem, E. L. (Edwin Leard), 1912-2002",lcnaf,http://id.loc.gov/authorities/names/no2009127769
"Mechem, Floyd R. (Floyd Russell), 1858-1928.",lcnaf,http://id.loc.gov/authorities/names/n85008265
"Meddaugh, Elijah Wood, 1833-1903.",lcnaf,http://id.loc.gov/authorities/names/no90022481
"Medico, P.",lcnaf,
"Meek, Fielding Bradford, 1817-1876.",lcnaf,http://id.loc.gov/authorities/names/n88172351
"Meeks, Howard S.",lcnaf,
"Meeropol, Robert.",lcnaf,
"Meerse, Marvin M., 1910-1978.",lcnaf,
"Meier, Joy.",lcnaf,
"Meiklejohn, Alexander, 1872-1964.",lcnaf,http://id.loc.gov/authorities/names/n78092889
"Meinel, Aden B.",lcnaf,http://id.loc.gov/authorities/names/n83044218
"Meir, Golda, 1898-1978.",lcnaf,http://id.loc.gov/authorities/names/n50013594
"Meitner, Lise, 1878-1968.",lcnaf,http://id.loc.gov/authorities/names/n81015638
"Melchers, Corinne.",lcnaf,
"Melchers, Gari, 1860-1932.",lcnaf,http://id.loc.gov/authorities/names/n83191741
"Mellen, James G.",lcnaf,http://id.loc.gov/authorities/names/nr94011322
"Mellon, Andrew W. (Andrew William), 1855-1939.",lcnaf,
"Mencken, H. L. (Henry Louis), 1880-1956.",lcnaf,http://id.loc.gov/authorities/names/n80036702
"Mendel, Lafayette B. (Lafayette Benedict), 1872-1935.",lcnaf,http://id.loc.gov/authorities/names/n88649083
"Mendelsohn, Erich, 1887-1953.",lcnaf,http://id.loc.gov/authorities/names/n83234735
"Mendelssohn-Bartholdy, Felix, 1809-1847.",lcnaf,
"Menefee, Ferdinand Northrup, 1886-",lcnaf,
"Menken, S. Stanwood, 1870-",lcnaf,http://id.loc.gov/authorities/names/n82018449
"Menninger, Karl A. (Karl Augustus), 1893-1990.",lcnaf,http://id.loc.gov/authorities/names/n50036990
"Menuhin, Yehudi, 1916-",lcnaf,
"Menzel, Donald H. (Donald Howard), 1901-1976",lcnaf,http://id.loc.gov/authorities/names/n50036999
"Menzies, Robert Gordon, Sir, 1894-1978.",lcnaf,http://id.loc.gov/authorities/names/n50037092
"Mercati, Giovanni, 1866-1957.",lcnaf,http://id.loc.gov/authorities/names/n85801627
"Mercer, William, b. 1824.",lcnaf,
"Merchant, Livingston T. (Livingston Tallmadge), 1903-1976",lcnaf,http://id.loc.gov/authorities/names/n90647023
"Meredith, James, 1933-",lcnaf,http://id.loc.gov/authorities/names/n88238646
"Merillat, H. C. L. (Herbert Christian Laing), 1915-",lcnaf,http://id.loc.gov/authorities/names/n79089495
"Merrelli, George, 1911-",lcnaf,
"Merriam, C. Hart (Clinton Hart), 1855-1942.",lcnaf,http://id.loc.gov/authorities/names/n80024499
"Merriam, Charles Edward, 1874-1953.",lcnaf,http://id.loc.gov/authorities/names/n50035979
"Merriam, Helen Bell, d. 1984.",lcnaf,
"Merriam, Julia Bemis Sturtevant, 1874-1941.",lcnaf,
"Merriam, Warren Sturtevant, 1901-1972.",lcnaf,
"Merrill, Barbara, 1934-",lcnaf,
"Merrill, D. Bailey, 1912-",lcnaf,
"Merrill, Edith.",lcnaf,
"Merrill, Elmer D. (Elmer Drew), 1876-1956.",lcnaf,http://id.loc.gov/authorities/names/n79143137
"Merrill, George Washington, 1856-1937.",lcnaf,
"Merrill, Howard E.",lcnaf,
"Merrill, Paul W. (Paul Willard), 1887-1961.",lcnaf,http://id.loc.gov/authorities/names/n86860333
"Merrill, Russell J.",lcnaf,
"Merriman, Roger Bigelow, 1876-1945.",lcnaf,http://id.loc.gov/authorities/names/no00069863
"Merritt, D. H.",lcnaf,
"Merritt, Walle Williard, 1884-1968.",lcnaf,
"Merry, Ellis B., 1907-1989.",lcnaf,
"Mershon, Elsie.",lcnaf,
"Mershon, William B., 1856-1943",lcnaf,
"Mershon, William Briggs.",lcnaf,
"Mershon, William Butts, 1856-1943.",lcnaf,http://id.loc.gov/authorities/names/no2008038201
"Mershon, Wm. B. (William Butts), 1856-1943.",lcnaf,http://id.loc.gov/authorities/names/no2008038201
"Merton, Robert King, 1910-",lcnaf,
"Mertz, David Franklin, d. 1900.",lcnaf,
"Messer, Henry.",lcnaf,
"Messiaen, Olivier, 1908-1992",lcnaf,http://id.loc.gov/authorities/names/n79091198
"Mesta, Perle.",lcnaf,
"Meston, E.",lcnaf,
"Metcalf, Elinor Gregory.",lcnaf,
"Metcalf, Robert Clarence",lcnaf,
"Metcalf, Robert Clarence, 1923-",lcnaf,
"Metcalf, Woodbridge, 1888-",lcnaf,http://id.loc.gov/authorities/names/n82137733
"Meyer, Adolf, 1866-1950.",lcnaf,http://id.loc.gov/authorities/names/n85822235
"Meyer, Adolph, 1866-1950.",lcnaf,
"Meyer, Alfred G.",lcnaf,
"Meyer, C. J. L.",lcnaf,
"Meyer, Eugene, 1875-1959.",lcnaf,http://id.loc.gov/authorities/names/n86025876
"Meyer, Henry Joseph, 1913-",lcnaf,http://id.loc.gov/authorities/names/n80145766
"Meyer, Suzanne M.",lcnaf,
"Meyerbeer, Giacomo, 1791-1864.",lcnaf,http://id.loc.gov/authorities/names/n79140961
"Meyers, Allen H., 1908-1976.",lcnaf,
"Meyers, Edward H.",lcnaf,http://id.loc.gov/authorities/names/no2005082365
"Meyers, Gladys.",lcnaf,
"Meyers, William J. (William John), 1869-1928",lcnaf,http://id.loc.gov/authorities/names/n84805428
"Mezzano, Louis.",lcnaf,
"Michelf, Rodolfo.",lcnaf,
"Michener, Daniel Roland, 1900-",lcnaf,
"Michener, Earl C. (Earl Cory), 1876-1957.",lcnaf,http://id.loc.gov/authorities/names/n2002022232
"Michener, Lewis H., 1908-1974",lcnaf,http://id.loc.gov/authorities/names/n91070770
"Mielke, William R.",lcnaf,
"Mies van der Rohe, Ludwig 1886-1969.",lcnaf,http://id.loc.gov/authorities/names/n80057077
"Milan, Carl Hastings, 1884-1963.",lcnaf,
"Miles, Mary A., d. 1904.",lcnaf,
"Miles, Tom.",lcnaf,
"Miley, Paul E., 1907-",lcnaf,
"Milio, Nancy.",lcnaf,http://id.loc.gov/authorities/names/n80132939
"Mill, Edward W. (Edward William), 1916-1977.",lcnaf,
"Millar, C. E. (Charles Ernest), 1885-1955",lcnaf,http://id.loc.gov/authorities/names/no2009009638
"Millard, Dorothy McCorkell.",lcnaf,
"Millard, Frank A.",lcnaf,
"Millard, Frank G. (Frank Gurnee), 1897-1976.",lcnaf,
"Millay, Edna St. Vincent, 1892-1950.",lcnaf,http://id.loc.gov/authorities/names/n79062746
"Millen, George W., b. 1863.",lcnaf,
"Miller, Art.",lcnaf,
"Miller, Arthur Lewis, 1892-1967.",lcnaf,http://id.loc.gov/authorities/names/no2009189248
"Miller, Arthur, 1915-2005.",lcnaf,http://id.loc.gov/authorities/names/n79045521
"Miller, Arthur.",lcnaf,
"Miller, Clement F., b. 1830.",lcnaf,
"Miller, Clyde R. (Clyde Raymond), 1888-1958",lcnaf,http://id.loc.gov/authorities/names/no2009010723
"Miller, Ed.",lcnaf,
"Miller, Edwin Lillie, 1868-1934.",lcnaf,http://id.loc.gov/authorities/names/no2009023668
"Miller, Floyd Josiah, 1886-1954.",lcnaf,
"Miller, Frank White.",lcnaf,
"Miller, Frederick L.",lcnaf,http://id.loc.gov/authorities/names/n90711376
"Miller, Freeman D. (Freeman Devold), 1909-2000",lcnaf,http://id.loc.gov/authorities/names/n89611470
"Miller, George.",lcnaf,
"Miller, Guy Alonzo, 1875-",lcnaf,
"Miller, James Grier.",lcnaf,http://id.loc.gov/authorities/names/n88028169
"Miller, Janette Estelle, 1879-1969",lcnaf,
"Miller, Janette, 1879-1969.",lcnaf,
"Miller, John Barnes, 1869-1932.",lcnaf,
"Miller, Norman F.",lcnaf,http://id.loc.gov/authorities/names/n93802467
"Miller, Norman Fritz, 1894-",lcnaf,
"Miller, Philip F. (Philip Fall), 1915-1970.",lcnaf,
"Miller, Richard P.",lcnaf,
"Miller, Samuel Freeman, 1816-1890.",lcnaf,http://id.loc.gov/authorities/names/n84034343
"Miller, Sidney Trowbridge, 1864-1940.",lcnaf,
"Miller, Warren E. (Warren Edward), 1924-",lcnaf,
"Miller, Warren E. (Warren Edward), 1924-1999",lcnaf,http://id.loc.gov/authorities/names/n82241890
"Miller, William E. (William Edward), 1914-1983",lcnaf,http://id.loc.gov/authorities/names/n86111327
"Millikan, Robert Andrews, 1868-1953.",lcnaf,http://id.loc.gov/authorities/names/n81120115
"Milliken, Helen (Helen Wallbank)",lcnaf,
"Milliken, Helen W. (Helen Wallbank)",lcnaf,
"Milliken, Helen, 1922-",lcnaf,http://id.loc.gov/authorities/names/n2005079082
"Milliken, John.",lcnaf,
"Milliken, William G., 1922-",lcnaf,http://id.loc.gov/authorities/names/n80010387
"Millikin, Eugene Donald, 1891-1958.",lcnaf,http://id.loc.gov/authorities/names/n93047019
"Millin, Leslie.",lcnaf,
"Mills, Albert Leopold, 1854-1916.",lcnaf,
"Mills, Benjamin Fay, 1857-1916.",lcnaf,http://id.loc.gov/authorities/names/no97071956
"Mills, C. Wright (Charles Wright), 1916-1962.",lcnaf,http://id.loc.gov/authorities/names/n80013055
"Mills, Harriet C.",lcnaf,
"Mills, Julia H.",lcnaf,
"Mills, Stephen, b. 1809.",lcnaf,
"Mills, Wilbur D. (Wilbur Daigh), 1909-1992",lcnaf,http://id.loc.gov/authorities/names/n88027686
"Mills, William L., 1901-1988.",lcnaf,
"Mills, Wilson W., 1888-",lcnaf,
"Millspaugh, Arthur Chester, 1883-1955.",lcnaf,http://id.loc.gov/authorities/names/n50033258
"Millöcker, Carl, 1842-1899.",lcnaf,
"Minard, Fred E.",lcnaf,
"Minges, Abram, 1818-1908.",lcnaf,
"Mink, Patsy T., 1927-2002",lcnaf,http://id.loc.gov/authorities/names/n77007280
"Minkoff, Lynn.",lcnaf,
Minor J. Coon.,lcnaf,
"Minor, Donald Ellis.",lcnaf,
"Minton, Sherman.",lcnaf,
"Miriani, Louis C.",lcnaf,http://id.loc.gov/authorities/names/n91085171
"Mitchell, Elmer Dayton, 1889-",lcnaf,http://id.loc.gov/authorities/names/n81127252
"Mitchell, George J. (George John), 1933-",lcnaf,http://id.loc.gov/authorities/names/n87856778
"Mitchell, Hugh Chester, 1877-1956.",lcnaf,
"Mitchell, James Paul, 1900-1964.",lcnaf,
"Mitchell, Richard P. (Richard Paul), 1925-",lcnaf,http://id.loc.gov/authorities/names/n83187553
"Mitchell, Robert.",lcnaf,
"Mitchell, Samuel Phillips, b. 1864.",lcnaf,
"Mitchell, Stephen A. (Stephen Arnold), 1903-1974",lcnaf,http://id.loc.gov/authorities/names/n97101337
"Mitchell, William D. (William De Witt), b. 1874.",lcnaf,
"Mitchell, William, 1879-1936.",lcnaf,http://id.loc.gov/authorities/names/n50033466
"Mitchner, Charles H.",lcnaf,
"Mizner, Henry R.",lcnaf,
"Moehlman, Arthur B. (Arthur Bernard), 1889-1952.",lcnaf,http://id.loc.gov/authorities/names/n83053088
"Moehlman, Conrad Henry, b. 1879.",lcnaf,http://id.loc.gov/authorities/names/nr92002146
"Moessner, Victoria Joan.",lcnaf,
"Moffatt, James, 1870-1944.",lcnaf,http://id.loc.gov/authorities/names/n50000202
"Moffit, John Ted, 1862-1947.",lcnaf,
"Mohler, Orren, 1908-",lcnaf,
"Mohr, Carl Frank.",lcnaf,
"Molesworth, Jack E.",lcnaf,
"Moley, Raymond L., 1886-",lcnaf,
"Moley, Raymond, 1886-1975.",lcnaf,http://id.loc.gov/authorities/names/n79069778
"Monaghan, Tom, 1937-",lcnaf,http://id.loc.gov/authorities/names/n85283052
"Moncrieff, Frederick E.",lcnaf,
"Mondale, Joan Adams, 1930-",lcnaf,
"Mondale, Walter F., 1928-",lcnaf,http://id.loc.gov/authorities/names/n79077424
"Monroe, Paul, 1869-1947.",lcnaf,http://id.loc.gov/authorities/names/n50004162
"Monroney, Mike, 1902-",lcnaf,
"Montagu, Ashley, 1905-1999.",lcnaf,http://id.loc.gov/authorities/names/n79090226
"Montague, Gilbert H.",lcnaf,
"Monteith, Abigail Harris, b. 1801.",lcnaf,
"Monteith, Alexander.",lcnaf,
"Monteith, Charles.",lcnaf,
"Monteith, Edward H.",lcnaf,
"Monteith, Edwin Harris.",lcnaf,
"Monteith, George, b. 1840.",lcnaf,
"Monteith, John, 1788-1868.",lcnaf,http://id.loc.gov/authorities/names/n85373787
"Monteith, John, 1833-1918.",lcnaf,http://id.loc.gov/authorities/names/n87127112
"Monteith, Sarah S.",lcnaf,
"Montgomery, Andrew.",lcnaf,
"Montgomery, George, 1916-2000",lcnaf,http://id.loc.gov/authorities/names/n82054429
"Montgomery, Jeffrey.",lcnaf,http://id.loc.gov/authorities/names/n2002154336
"Montgomery, Lawrence K.",lcnaf,
"Montgomery, Patricia Clancy, 1934-",lcnaf,http://id.loc.gov/authorities/names/n88638531
"Montgomery, Robert M., 1849-1920.",lcnaf,
"Montoya, Joseph Manuel, 1915-1978",lcnaf,http://id.loc.gov/authorities/names/n92041651
"Montrose, Joseph.",lcnaf,
"Monts, Lester Parker.",lcnaf,http://id.loc.gov/authorities/names/n84133408
"Moody, Arthur B.",lcnaf,
"Moody, Blair, 1902-1954.",lcnaf,
"Moody, Charles D.",lcnaf,
"Moody, Christella D. Journey through South Africa. 1991.",lcnaf,
"Moody, Christella D. Personal journey through South Africa. 1991.",lcnaf,
"Moody, William Henry, 1853-1917.",lcnaf,http://id.loc.gov/authorities/names/n89103732
"Moon, Charles H.",lcnaf,
"Mooney, Edward, Archbishop, 1882-1958",lcnaf,
"Mooney, Thomas J., 1882-1942.",lcnaf,http://id.loc.gov/authorities/names/n50004192
"Moore, Andrew L., 1870-",lcnaf,
"Moore, Arthur Dearth, 1895-",lcnaf,http://id.loc.gov/authorities/names/n50006184
"Moore, Arthur J. (Arthur James), 1888-1974.",lcnaf,http://id.loc.gov/authorities/names/n79142954
"Moore, B. T.",lcnaf,
"Moore, Barrington, 1913-2005",lcnaf,http://id.loc.gov/authorities/names/n50004270
"Moore, Beverly.",lcnaf,
"Moore, Charles, 1855-1942.",lcnaf,http://id.loc.gov/authorities/names/n85351885
"Moore, Earl Vincent, 1890-1987.",lcnaf,http://id.loc.gov/authorities/names/no92016853
"Moore, G. E. (George Edward), 1873-1958.",lcnaf,http://id.loc.gov/authorities/names/n78087053
"Moore, George William, b. 1847-1926.",lcnaf,
"Moore, George William, b. 1847.",lcnaf,
"Moore, Grace, 1898-1947.",lcnaf,http://id.loc.gov/authorities/names/n81146908
"Moore, Hugh, 1887-1972.",lcnaf,http://id.loc.gov/authorities/names/n92118527
"Moore, James W.",lcnaf,
"Moore, Joel Roscoe, 1879-",lcnaf,http://id.loc.gov/authorities/names/n2008021912
"Moore, Joseph B., 1845-1930.",lcnaf,http://id.loc.gov/authorities/names/no2008186694
"Moore, Marianne, 1887-1972.",lcnaf,http://id.loc.gov/authorities/names/n50016866
"Moore, Samuel 1877-1934.",lcnaf,http://id.loc.gov/authorities/names/no2009018081
"Moore, Samuel.",lcnaf,
"Moore, Walden.",lcnaf,http://id.loc.gov/authorities/names/n92118464
"Moore, William P., 1787-1850.",lcnaf,
"Moorehead, Agnes, 1906-1974.",lcnaf,http://id.loc.gov/authorities/names/n85085806
"More, Paul Elmer, 1864-1937.",lcnaf,http://id.loc.gov/authorities/names/n50004626
"Morehouse, Henry L., 1834-1917.",lcnaf,http://id.loc.gov/authorities/names/n2003087688
"Morehouse, Henry Lyman, 1834-1917.",lcnaf,http://id.loc.gov/authorities/names/n2003087688
"Morey, Peter, 1798-1881.",lcnaf,
"Morgan, Albert Talmon, 1841-1922.",lcnaf,
"Morgan, Angela, 1874-1957.",lcnaf,http://id.loc.gov/authorities/names/no96065145
"Morgan, Arthur Ernest, 1878-1975.",lcnaf,http://id.loc.gov/authorities/names/n50006290
"Morgan, Charles.",lcnaf,
"Morgan, Edmund Sears.",lcnaf,
"Morgan, Elijah William, b. 1805.",lcnaf,
"Morgan, Elisha.",lcnaf,
"Morgan, G. Campbell (George Campbell), 1863-1945.",lcnaf,http://id.loc.gov/authorities/names/n50005828
"Morgan, Gilbert.",lcnaf,
"Morgan, James N.",lcnaf,
"Morgan, James N., 1918-",lcnaf,http://id.loc.gov/authorities/names/n79138747
"Morgan, James.",lcnaf,
"Morgan, John Tyler, 1824-1907.",lcnaf,http://id.loc.gov/authorities/names/n86808253
"Morgan, Lewis Henry, 1818-1881.",lcnaf,http://id.loc.gov/authorities/names/n50006099
"Morgan, Lucy Stow.",lcnaf,
"Morgan, Polly Babcock.",lcnaf,
"Morgan, Richard Guy, 1903-",lcnaf,
"Morgan, Robert O.",lcnaf,http://id.loc.gov/authorities/names/n2012074688
"Morgan, Sam.",lcnaf,
"Morgan, Thomas Ellsworth, 1906-",lcnaf,
"Morgan, Thomas Hunt, 1866-1945.",lcnaf,http://id.loc.gov/authorities/names/n50006108
"Morganroth, Mayer. ",lcnaf,
"Morgenthau, Henry, 1856-1946.",lcnaf,http://id.loc.gov/authorities/names/n86070605
"Morison, Samuel Eliot, 1887-1976.",lcnaf,http://id.loc.gov/authorities/names/n79065131
"Morley, Felix, 1894-",lcnaf,
"Morley, George Bidwell, 1857-1935.",lcnaf,
"Morley, George W.",lcnaf,http://id.loc.gov/authorities/names/n92805027
"Morrill, J. L. (James Lewis), 1891-1979",lcnaf,http://id.loc.gov/authorities/names/no2007083496
"Morrill, Justin Smith, 1810-1898.",lcnaf,http://id.loc.gov/authorities/names/no89019451
"Morris, George Sylvester, 1840-1889.",lcnaf,http://id.loc.gov/authorities/names/n90648714
"Morris, Joan, 1943-",lcnaf,http://id.loc.gov/authorities/names/n82099779
"Morris, Ken, 1915-2008",lcnaf,http://id.loc.gov/authorities/names/no2014003999
"Morris, Lloyd R., 1893-1954.",lcnaf,http://id.loc.gov/authorities/names/n50005685
"Morris, Matilda.",lcnaf,
"Morris, Robert, 1943-",lcnaf,
"Morris, Robert.",lcnaf,
"Morris, Sam.",lcnaf,http://id.loc.gov/authorities/names/no97078517
"Morris, Wright, 1910-1998.",lcnaf,http://id.loc.gov/authorities/names/n79063109
"Morrison, Charles Clayton, 1874-1966",lcnaf,http://id.loc.gov/authorities/names/n50005688
"Morrison, Charles, 1782-1834.",lcnaf,
"Morrison, William Angus, 1914-",lcnaf,
"Morrison, William Ralls, 1825-1909.",lcnaf,http://id.loc.gov/authorities/names/no95043086
"Morrow, Dwight W. (Dwight Whitney), 1873-1931.",lcnaf,http://id.loc.gov/authorities/names/n85314577
"Morrow, E. Frederic (Everett Frederic), 1909-",lcnaf,
"Morrow, James H.",lcnaf,
"Morse, Allen Benton, 1839-1921.",lcnaf,
"Morse, Dan F.",lcnaf,http://id.loc.gov/authorities/names/n79128120
"Morse, John T. (John Torry), 1840-1937.",lcnaf,
"Morse, Philip M. (Philip McCord), 1903-1985.",lcnaf,http://id.loc.gov/authorities/names/n50005835
"Morse, Richard E., 1809-1865.",lcnaf,
"Morse, Samuel Finley Breese, 1791-1872.",lcnaf,http://id.loc.gov/authorities/names/n50070284
"Morse, Warner Jackson, 1872-1931.",lcnaf,
"Morse, Wayne L. (Wayne Lyman), 1900-1974.",lcnaf,http://id.loc.gov/authorities/names/n85104758
"Mortimer, Wyndham, 1884-1966.",lcnaf,http://id.loc.gov/authorities/names/n90675329
"Morton, Rogers C., 1914-",lcnaf,
"Morton, Thruston B. (Thruston Ballard), 1907-1982.",lcnaf,http://id.loc.gov/authorities/names/n87870913
"Moseley, Edward Augustus, 1846-1911.",lcnaf,http://id.loc.gov/authorities/names/n88660652
"Moseley, George Van Horn, 1874-1960.",lcnaf,http://id.loc.gov/authorities/names/n97002331
"Moses, George Higgins, 1869-1944.",lcnaf,http://id.loc.gov/authorities/names/n88156226
"Mosher, Eliza Maria, 1846-1928.",lcnaf,http://id.loc.gov/authorities/names/n98801230
"Mosher, Eliza, 1846-1928.",lcnaf,http://id.loc.gov/authorities/names/n98801230
"Mosher, Gouverneur Frank, 1871-1941.",lcnaf,
"Moss, Frank E., 1911-2003",lcnaf,http://id.loc.gov/authorities/names/n50007980
"Mote, Carl Henry, 1884-1946.",lcnaf,http://id.loc.gov/authorities/names/no2002056119
"Moton, Robert Russa, 1867-1940.",lcnaf,http://id.loc.gov/authorities/names/n82120483
"Mott, Charles S., 1875-1973.",lcnaf,
"Mott, Charles Stewart, 1875-1973.",lcnaf,http://id.loc.gov/authorities/names/n92085116
"Mott, Ellen.",lcnaf,
"Mott, Frank Luther, 1886-1964.",lcnaf,http://id.loc.gov/authorities/names/n82242614
"Mott, John Raleigh, 1865-1955.",lcnaf,http://id.loc.gov/authorities/names/n79055261
"Moulton, Vern, 1880-",lcnaf,
"Mount, Julia Lunt.",lcnaf,
"Mouron, Gérard A.",lcnaf,
"Mowbray, Carol T.",lcnaf,http://id.loc.gov/authorities/names/n84073065
"Mowrer, Edgar Ansel, 1892-1977",lcnaf,http://id.loc.gov/authorities/names/n95071919
"Moyers, Bill D.",lcnaf,http://id.loc.gov/authorities/names/n81024550
"Moyers, Robert E., 1919-1996.",lcnaf,
"Mozart, Wolfgang Amadeus, 1756-1791.",lcnaf,http://id.loc.gov/authorities/names/n80022788
"Muddy Waters, 1915-1983.",lcnaf,http://id.loc.gov/authorities/names/n82078503
"Mudge, James Maxwell, 1914-1970.",lcnaf,
"Muehlig, Bertha E.",lcnaf,
"Muehlig, Fay.",lcnaf,
"Muehlig, Robert.",lcnaf,
"Mueller, Eva, 1920-",lcnaf,http://id.loc.gov/authorities/names/n80004236
"Muffett, James S.",lcnaf,
"Muffly, Gary",lcnaf,
"Muhammad, Warith Deen, 1933-2008.",lcnaf,http://id.loc.gov/authorities/names/n50047626
"Muir, Ramsay, 1872-1941.",lcnaf,http://id.loc.gov/authorities/names/n50016837
"Muirhead, John Henry, 1855-1940.",lcnaf,
"Mukle, Muy.",lcnaf,
"Mulder, Arnold, 1885-1959.",lcnaf,http://id.loc.gov/authorities/names/no98083926
"Muldoon, William.",lcnaf,
"Mulhern, Daniel Granholm.",lcnaf,http://id.loc.gov/authorities/names/n2006065711
"Mullens, W. H.",lcnaf,
"Muller, E. B.",lcnaf,
"Muller, H. J. (Hermann Joseph), 1890-1967.",lcnaf,http://id.loc.gov/authorities/names/n50004587
"Muller, Robert H.",lcnaf,
"Muller, William.",lcnaf,
"Muller,Carl, 1900-",lcnaf,
"Mullett, John W., 1825-1902.",lcnaf,
"Mullett, John, 1786-1862.",lcnaf,http://id.loc.gov/authorities/names/no00000385
"Mullett, Martha, collector.",lcnaf,
"Mulligan, Joan Elizabeth, 1922-",lcnaf,
"Mullins, Eustace, 1923-2010",lcnaf,http://id.loc.gov/authorities/names/n50044808
"Mullins, Raymond G., 1943-",lcnaf,
"Mumford, Lewis, 1895-1990.",lcnaf,http://id.loc.gov/authorities/names/n80067179
"Muncy, Levi.",lcnaf,
"Muncy, Lydia B. (Lydia Baird)",lcnaf,
"Muncy, Ralph W. (Ralph Waldo), 1902-",lcnaf,
"Mundt, Karl E. (Karl Earl), 1900-1974",lcnaf,http://id.loc.gov/authorities/names/n86099107
"Munger, Edith Cushway, 1865-1945.",lcnaf,
"Munger, Harvey, 1812-1862.",lcnaf,
"Munger, Octavia.",lcnaf,
"Munger, William L., 1845-1908.",lcnaf,
"Munn, Clarence Lester, 1908-",lcnaf,
"Munn, Earle Harold, 1903-",lcnaf,
"Munn, Earle Harold, 1904-",lcnaf,
"Munn, John.",lcnaf,
"Munro, William Bennett, 1875-1957.",lcnaf,http://id.loc.gov/authorities/names/n82090890
"Munson, Gregory W.",lcnaf,
"Munsterberg, Margarete Anna Adelheid, 1889-",lcnaf,http://id.loc.gov/authorities/names/n79033048
"Murchison, Carl, 1887-1961",lcnaf,http://id.loc.gov/authorities/names/n50032005
"Murfin, James Orin, 1875-1940.",lcnaf,http://id.loc.gov/authorities/names/no2008183306
"Murphey, Rhoads, 1919-",lcnaf,http://id.loc.gov/authorities/names/n79134145
"Murphy, Barbara.",lcnaf,
"Murphy, Frank, 1890-1949.",lcnaf,http://id.loc.gov/authorities/names/n86025928
"Murphy, George, 1897-1961.",lcnaf,
"Murphy, George, 1902-1992.",lcnaf,http://id.loc.gov/authorities/names/n82013432
"Murphy, Irene Ellis, 1900-",lcnaf,
"Murphy, John Francis, 1849-1926.",lcnaf,
"Murphy, M. J.",lcnaf,
"Murphy, Marguerite.",lcnaf,
"Murphy, Mary Brennan, d. 1924.",lcnaf,
"Murphy, Robert D. (Robert Daniel), 1894-1978",lcnaf,http://id.loc.gov/authorities/names/n88152187
"Murphy, Robert F., 1899-",lcnaf,
"Murphy, Sharon Ann.",lcnaf,
"Murphy, William F.",lcnaf,http://id.loc.gov/authorities/names/n2007026535
"Murray, James E.",lcnaf,
"Murray, John Clark, 1836-1917.",lcnaf,http://id.loc.gov/authorities/names/n82136725
"Murray, Philip, 1886-1952.",lcnaf,http://id.loc.gov/authorities/names/n86025930
"Murray, William Hansen.",lcnaf,
"Murray, William Henry, 1869-1956.",lcnaf,http://id.loc.gov/authorities/names/nr89007257
"Murrg, F. M.",lcnaf,
"Murrow, Edward R.",lcnaf,http://id.loc.gov/authorities/names/n50026550
"Muschenheim, William, 1902-1990.",lcnaf,
"Muschenheim, William.",lcnaf,http://id.loc.gov/authorities/names/no97032876
"Muse, Clarence.",lcnaf,http://id.loc.gov/authorities/names/n82127185
"Musgrave, Richard A. (Richard Abel), 1910-2007",lcnaf,http://id.loc.gov/authorities/names/n79109802
"Muskie, Edmund S., 1914-1996",lcnaf,http://id.loc.gov/authorities/names/n79118912
"Musselman, Amos S., b. 1851.",lcnaf,
"Musselwhite, Harry Webster, 1868-1955.",lcnaf,http://id.loc.gov/authorities/names/no2009000198
"Musser, Benjamin Francis.",lcnaf,
"Musser, Dan.",lcnaf,
"Mussey, Henry Raymond, 1875-1940.",lcnaf,http://id.loc.gov/authorities/names/no2007136711
"Mussolini, Benito, 1883-1945.",lcnaf,http://id.loc.gov/authorities/names/n78095482
"Muste, Abraham John, 1885-1967.",lcnaf,http://id.loc.gov/authorities/names/n50027660
"Muñoz Marín, Luis, 1898-1980.",lcnaf,
"Myers, Albert Cook, 1874-1960.",lcnaf,http://id.loc.gov/authorities/names/n50027817
"Mygatt, Tracy D. (Tracy Dickinson), 1885-1973.",lcnaf,http://id.loc.gov/authorities/names/n90684888
"Myles, Cleo.",lcnaf,
"Myrdal, Gunnar, 1898-1987.",lcnaf,http://id.loc.gov/authorities/names/n80044766
"Münsterberg, Hugo, 1863-1916.",lcnaf,
"Nabokov, Vladimir Vladimirovich, 1899-1977.",lcnaf,http://id.loc.gov/authorities/names/n81015312
"Nabozny, Eddie Hoyt, 1917-1999.",lcnaf,
"Nabozny, Helen, 1919-",lcnaf,
"Nader, Ralph, 1934-",lcnaf,
"Nader, Ralph.",lcnaf,http://id.loc.gov/authorities/names/n80067178
"Nagal, A.",lcnaf,
"Nash, Charles W., 1868-1944.",lcnaf,
"Nash, Jay Bryan, 1886-1965.",lcnaf,http://id.loc.gov/authorities/names/n81114561
"Nasser, Gamal Abdel, 1918-1970.",lcnaf,http://id.loc.gov/authorities/names/n80093577
"Nast, Thomas, 1840-1902.",lcnaf,http://id.loc.gov/authorities/names/n78083448
"Nathanson, Ben, 1915-",lcnaf,
"Navin, Thomas J.",lcnaf,http://id.loc.gov/authorities/names/no2009008653
"Neal, Arline, 1917-",lcnaf,
"Neal, Fannie, 1919-",lcnaf,
"Neal, Homer A.",lcnaf,http://id.loc.gov/authorities/names/n87853531
"Nearing, Scott, 1883-1983.",lcnaf,http://id.loc.gov/authorities/names/n50032718
"Nederlander, Robert E., 1933-",lcnaf,
"Nedzi, Lucien, 1925-",lcnaf,http://id.loc.gov/authorities/names/no2009128342
"Neel, James V. (James Van Gundia), 1915-2000",lcnaf,http://id.loc.gov/authorities/names/n85279417
"Nehru, Jawaharlal, 1889-1964.",lcnaf,http://id.loc.gov/authorities/names/n79109335
"Neiberg, Vicki.",lcnaf,
"Neidhardt, Frederick C. (Frederick Carl), 1931-",lcnaf,http://id.loc.gov/authorities/names/n83060062
"Nelson, DeWitt, 1901-",lcnaf,http://id.loc.gov/authorities/names/n94053708
"Nelson, Donald Marr, 1888-1959.",lcnaf,http://id.loc.gov/authorities/names/nr94003680
"Nelson, J. Raleigh (Joseph Raleigh)",lcnaf,http://id.loc.gov/authorities/names/no92033138
"Nelson, Lyle Morgan, 1918-",lcnaf,
"Nelson, Wallace F.",lcnaf,http://id.loc.gov/authorities/names/no2011175832
"Nelson, Walter Morrow.",lcnaf,
"Nernst, Walter, 1864-1941.",lcnaf,
"Ness, Eliot, 1903-1957.",lcnaf,
"Ness, Nina L.",lcnaf,
"Nethercut, LaVerne Schmitkons, 1929-",lcnaf,
"Netzorg, Katherine S.",lcnaf,
"Netzorg, Morton Isadore.",lcnaf,
"Netzorg, Morton J.",lcnaf,http://id.loc.gov/authorities/names/n85245286
"Netzorg, Petra Fuld.",lcnaf,
"Neubecker, Janice.",lcnaf,
"Neubecker, Michael.",lcnaf,
"Neuberger, Maurine B. (Maurine Brown), 1907-2000",lcnaf,http://id.loc.gov/authorities/names/n88172787
"Neumeier, Matthew",lcnaf,
"Nevills, Norman D., 1908-1949.",lcnaf,http://id.loc.gov/authorities/names/n88005200
"Nevins, Allan, 1890-1971.",lcnaf,http://id.loc.gov/authorities/names/n50004624
"Nevins, William S., b. 1829.",lcnaf,
"Nevue, Wilfred, 1886-",lcnaf,
"New, Harry S. (Harry Stewart), 1858-1937.",lcnaf,http://id.loc.gov/authorities/names/n89103733
"Newberry, J. S. (John Strong), 1822-1892.",lcnaf,http://id.loc.gov/authorities/names/n85828867
"Newberry, John Stoughton, 1826-1887.",lcnaf,http://id.loc.gov/authorities/names/no2001007752
"Newberry, Robert E.",lcnaf,
"Newberry, Truman Handy, 1864-1945.",lcnaf,http://id.loc.gov/authorities/names/n89125977
"Newbolt, Henry John, 1862-1938.",lcnaf,http://id.loc.gov/authorities/names/n50004530
"Newburgh, Louis Harry, 1883-1956.",lcnaf,http://id.loc.gov/authorities/names/no97056817
"Newcomb, H. T. (Harry Turner), 1867-1944.",lcnaf,http://id.loc.gov/authorities/names/n80120865
"Newcomb, Theodore Mead, 1903-1984.",lcnaf,http://id.loc.gov/authorities/names/n50003218
"Newcombe, Frederick Charles, 1858-1927.",lcnaf,
"Newcombe, John.",lcnaf,
"Newell, Barbara W.",lcnaf,
"Newett, George A., b. 1856.",lcnaf,
"Newhall, R. Frank, 1874-",lcnaf,
"Newkirk, Birkett.",lcnaf,
"Newkirk, Henry Wirt, 1854-1946.",lcnaf,
"Newman, George S.",lcnaf,
"Newman, John Philip, 1826-1899.",lcnaf,http://id.loc.gov/authorities/names/nr95039467
"Newman, Pauline.",lcnaf,
"Newton, Charles Tyley, 1893-",lcnaf,
"Newton, Frank Thomas, 1867-1931.",lcnaf,
"Niblack, Albert Parker, 1859-1929.",lcnaf,http://id.loc.gov/authorities/names/n91103646
"Nichols, Haskell Linton, 1896-",lcnaf,
"Nichols, Joseph.",lcnaf,
"Nichols, Walter Hammond, 1866-1935.",lcnaf,http://id.loc.gov/authorities/names/no2013048763
"Nicholson, Patrick.",lcnaf,
"Nicholson, Robert Lawrence, 1908-1985",lcnaf,http://id.loc.gov/authorities/names/n83161497
"Nicholson, Seth B. (Seth Barnes), 1891-1963",lcnaf,http://id.loc.gov/authorities/names/n2005002909
"Nicholson, Walter G.",lcnaf,
"Nicke, Herbert Henry.",lcnaf,
"Nickerson, Mark.",lcnaf,
"Nicoll, Virginia White.",lcnaf,
"Nicolle, Charles, 1866-1936.",lcnaf,http://id.loc.gov/authorities/names/n84803115
"Nicoloff, George.",lcnaf,
"Niebuhr, Reinhold, 1892-1971.",lcnaf,http://id.loc.gov/authorities/names/n79018599
"Niehuss, Marvin Lemmon, 1903-2003",lcnaf,http://id.loc.gov/authorities/names/no2007059707
"Niehuss, Marvin Lemmon,1903-",lcnaf,
"Nielsen, Bent.",lcnaf,
"Nielson, Axel.",lcnaf,
"Niemðoller, Martin, 1892-",lcnaf,
"Niemöller, Martin, 1892-",lcnaf,
"Niezychowski, Alfred von.",lcnaf,http://id.loc.gov/authorities/names/nr2006014391
"Niggli, Paul, 1888-1953.",lcnaf,http://id.loc.gov/authorities/names/n85801568
"Niles, John M. (John Milton), 1787-1856.",lcnaf,http://id.loc.gov/authorities/names/n88631755
"Nimitz, Chester W. (Chester William), 1885-1966.",lcnaf,http://id.loc.gov/authorities/names/n86125368
"Nims, Katherine Norman, 1875-1967.",lcnaf,
"Nims, Richard, 1917-1994.",lcnaf,
"Nin, Anaís, 1903-1977.",lcnaf,
"Nisbet, Stephen S., 1895-",lcnaf,
"Nisbett, William P., b. 1847.",lcnaf,
"Nissen, Rudolf, 1896-",lcnaf,http://id.loc.gov/authorities/names/n85808455
"Nixon, Pat, 1913-",lcnaf,
"Nixon, Richard M. (Richard Milhous), 1913-1994.",lcnaf,http://id.loc.gov/authorities/names/n79018757
"Noble, Alfred, 1844-1914.",lcnaf,http://id.loc.gov/authorities/names/nr93016195
"Noble, Charles, 1797-1874.",lcnaf,http://id.loc.gov/authorities/names/n88218739
"Noble, David A., 1806-1896.",lcnaf,
"Noble, Eugene Allen, 1868-1948.",lcnaf,
"Noble, Gladwyn Kingsley, 1894-1940.",lcnaf,http://id.loc.gov/authorities/names/no2010020655
"Noble, John F.",lcnaf,
"Norbeck, Peter, 1870-1936.",lcnaf,http://id.loc.gov/authorities/names/n97066150
"Nord, Elisabeth, 1902-",lcnaf,
"Nordby, Virginia, 1929-",lcnaf,
"Nordby, Virginia.",lcnaf,http://id.loc.gov/authorities/names/n77011952
"Nordman, Ethol Fred, 1896-1981.",lcnaf,
"Norman, A. G. (Arthur Geoffrey), 1905-1982",lcnaf,http://id.loc.gov/authorities/names/no2010133617
"Norman, Arthur Geoffrey, 1905-",lcnaf,
"Norman, Jessye.",lcnaf,http://id.loc.gov/authorities/names/n81132078
"Norman, Martha Prescod.",lcnaf,
"Norodom Sihanouk, Prince, 1922-2012",lcnaf,http://id.loc.gov/authorities/names/n79139063
"Norrie, A. Lanfear, 1858-1910.",lcnaf,
"Norris, Abbott.",lcnaf,
"Norris, Charles, 1867-1935.",lcnaf,http://id.loc.gov/authorities/names/no2014059853
"Norris, George W. (George William), 1861-1944.",lcnaf,http://id.loc.gov/authorities/names/n79093121
"Norris, Harold.",lcnaf,
"Norris, J. Frank (John Frank), 1877-1952.",lcnaf,http://id.loc.gov/authorities/names/n88015046
"Norris, Louis William, 1906-",lcnaf,
"Norris, Lyman, 1823-1894.",lcnaf,
"Norris, Maria, 1856-1938.",lcnaf,
"Norris, Mark, 1796-1862.",lcnaf,
"Norris, Mark, 1857-1943.",lcnaf,
"Norris, Roccena Vaill, 1797-1876.",lcnaf,
"Norstad, Lauris, 1907-1988",lcnaf,http://id.loc.gov/authorities/names/no90017168
"North, Lucian Gregory, 1850-1925.",lcnaf,
"North, Oliver.",lcnaf,http://id.loc.gov/authorities/names/n86008183
"North, Roy M. (Roy Moses), 1889-1975",lcnaf,http://id.loc.gov/authorities/names/no2009001381
"North, Walter Harper, 1871-1952.",lcnaf,http://id.loc.gov/authorities/names/no2009002826
"Northrup, George Washington, 1826-1900.",lcnaf,http://id.loc.gov/authorities/names/n85185605
"Norton, Charles Eliot, 1827-1908.",lcnaf,http://id.loc.gov/authorities/names/n79029784
"Norton, William J. (William John), 1883-1975.",lcnaf,http://id.loc.gov/authorities/names/n91025302
"Norvell, John, 1789-1850.",lcnaf,http://id.loc.gov/authorities/names/no89016118
"Norwood, Rose.",lcnaf,
"Notestein, Wallace, 1878-1969.",lcnaf,http://id.loc.gov/authorities/names/n50022836
"Novy, Frederick G., 1864-1957.",lcnaf,
"Novy, Frederick George, 1864-1957.",lcnaf,http://id.loc.gov/authorities/names/n2007182157
"Nowack, Edward A.",lcnaf,
"Nowak, Stanley, 1903-",lcnaf,http://id.loc.gov/authorities/names/n87852248
"Nowell, Charles E.",lcnaf,http://id.loc.gov/authorities/names/n82028018
"Nowicki, Leo J., 1904-",lcnaf,
"Nowland, Chester.",lcnaf,
"Noyes, Horace A., 1810-1877.",lcnaf,
"Noyes, James.",lcnaf,
"Noyes, Theodore William, 1858-1946.",lcnaf,
"Nu, U, 1907-1995",lcnaf,http://id.loc.gov/authorities/names/n50053601
"Nu, U.",lcnaf,
"Nungester, Walter James, 1901-",lcnaf,
"Nussbaum, Karen.",lcnaf,http://id.loc.gov/authorities/names/n82219859
"Nuttall, George Henry Falkiner, 1862-1937.",lcnaf,http://id.loc.gov/authorities/names/n85213207
"Nye, Gerald Prentice, 1892-1971.",lcnaf,http://id.loc.gov/authorities/names/n80065716
"Nye, Kathryn C.",lcnaf,
"Nyerere, Julius K. (Julius Kambarage), 1922-1999.",lcnaf,http://id.loc.gov/authorities/names/n79056334
"O'Brien, Eleanor Lawton.",lcnaf,
"O'Brien, George Donoghue, 1900-1957.",lcnaf,http://id.loc.gov/authorities/names/no2010075454
"O'Brien, Gerald.",lcnaf,
"O'Brien, James F.",lcnaf,
"O'Brien, John H.",lcnaf,
"O'Brien, John J.",lcnaf,
"O'Brien, Lawrence Francis.",lcnaf,
"O'Brien, Michael, 1943-",lcnaf,http://id.loc.gov/authorities/names/n80059571
"O'Brien, Michael.",lcnaf,
"O'Brien, Patrick H. (Patrick Henry), 1868-1959",lcnaf,http://id.loc.gov/authorities/names/no2009002837
"O'Brien, Thomas James, 1842-1933.",lcnaf,
"O'Connor, Basil, 1892-1972.",lcnaf,http://id.loc.gov/authorities/names/n85826112
"O'Connor, Jessie Lloyd, 1904-",lcnaf,http://id.loc.gov/authorities/names/n87858024
"O'Conor, Herbert R. (Herbert Romulus), 1896-1960.",lcnaf,http://id.loc.gov/authorities/names/no92016162
"O'Dell, Frederick C. (Frederick Charles)",lcnaf,
"O'Donnell, James, 1840-1915.",lcnaf,http://id.loc.gov/authorities/names/no96002254
"O'Donohue, Clayton.",lcnaf,
"O'Dwyer, William, 1890-1964.",lcnaf,http://id.loc.gov/authorities/names/n79091923
"O'Farrell, Brigid.",lcnaf,http://id.loc.gov/authorities/names/n86859916
"O'Gara, James Vincent, 1918-",lcnaf,
"O'Hair, Madalyn Murray.",lcnaf,http://id.loc.gov/authorities/names/n50025063
"O'Halloran, Cyril, 1901-",lcnaf,http://id.loc.gov/authorities/names/n91013181
"O'Hara, Elmer B.",lcnaf,
"O'Hara, Geoffrey, 1882-1967",lcnaf,http://id.loc.gov/authorities/names/n82063874
"O'Hara, James G.",lcnaf,
"O'Hara, John J., 1885-",lcnaf,
"O'Hara, Michael Daniel, 1910-",lcnaf,
"O'Higgins, Bernardo, 1778-1842.",lcnaf,http://id.loc.gov/authorities/names/n50034064
"O'Malley, Patrick J.",lcnaf,
"O'Neal, Joe.",lcnaf,
"O'Neill, Charles, 1882-1964.",lcnaf,http://id.loc.gov/authorities/names/no94004073
"O'Neill, Eugene, 1888-1953.",lcnaf,http://id.loc.gov/authorities/names/n79092602
"O'Neill, James Milton, 1881-1970.",lcnaf,http://id.loc.gov/authorities/names/no98067736
"O'Neill, Tip.",lcnaf,http://id.loc.gov/authorities/names/n80032314
"O'Rourke, Maureen.",lcnaf,
"O'Shaughnessy, John.",lcnaf,
"O'Shea, Michael Vincent, 1866-1932.",lcnaf,http://id.loc.gov/authorities/names/no94017640
"O'Sullivan, James.",lcnaf,
"Oberholtzer, Ellis Paxson, 1868-1936.",lcnaf,http://id.loc.gov/authorities/names/n50035409
"Oberholtzer, Ernest Carl, 1884-1977.",lcnaf,http://id.loc.gov/authorities/names/no90011474
"Ocker, Phyllis.",lcnaf,
"Oddie, James.",lcnaf,http://id.loc.gov/authorities/names/nr93028635
"Odegaard, Charles E.",lcnaf,http://id.loc.gov/authorities/names/n80037886
"Odgers, Susan.",lcnaf,
"Odjard, Otto Arthur.",lcnaf,
"Odum, Howard Washington, 1884-1954.",lcnaf,http://id.loc.gov/authorities/names/n50029660
"Ogatis, C.",lcnaf,
"Ogg, Frederic Austin, 1878-1951.",lcnaf,http://id.loc.gov/authorities/names/n50028724
"Oglesby, Beth.",lcnaf,
"Oglesby, Carl, 1935-2011",lcnaf,http://id.loc.gov/authorities/names/n88267050
"Ohlinger, Gustavus, 1877-1972",lcnaf,http://id.loc.gov/authorities/names/no2009028230
"Okkelberg, Peter Olaus, 1880-",lcnaf,
"Oksenberg, Michael, 1938-",lcnaf,
"Oksenberg, Michel, 1938-",lcnaf,http://id.loc.gov/authorities/names/n50048457
"Olander, Oscar G. (Oscar Gustaf), 1899-1963.",lcnaf,
"Olds, Ransom Eli, 1864-1950.",lcnaf,http://id.loc.gov/authorities/names/n97065397
"Olds, Schuyler Seager.",lcnaf,
"Olencki, Edward V.",lcnaf,
"Oliver, William H.",lcnaf,
"Olmsted, Martha Louise Kinsey",lcnaf,
"Olmsted, Mildred Scott, 1890-1990.",lcnaf,http://id.loc.gov/authorities/names/n90683161
"Olney, Richard, 1835-1917.",lcnaf,http://id.loc.gov/authorities/names/n89125933
"Olson, Carl G.",lcnaf,
"Olson, Charles.",lcnaf,
"Olson, Culbert L. (Culbert Levy), 1876-1962",lcnaf,http://id.loc.gov/authorities/names/n82011051
"Olson, Gary M.",lcnaf,http://id.loc.gov/authorities/names/n82015388
"Olson, Norman.",lcnaf,
"Olson, Willard Clifford, 1899-1978.",lcnaf,http://id.loc.gov/authorities/names/n2004115546
"Onassis, Jacqueline Kennedy, 1929-1994",lcnaf,http://id.loc.gov/authorities/names/n50002974
"Ono, Yeijiro.",lcnaf,
"Onorato, Michael Paul, 1934-",lcnaf,http://id.loc.gov/authorities/names/n50001906
"Oosterbaan, Bennie Gaylord, 1906-",lcnaf,
"Oosterbaan, Delmas.",lcnaf,
"Oppenheim, James, 1882-1932.",lcnaf,http://id.loc.gov/authorities/names/n87914483
"Oppenheimer, J. Robert, 1904-1967.",lcnaf,http://id.loc.gov/authorities/names/n50005793
"Oppenheimer, William Henry, 1883-",lcnaf,
"Organski, A. F. K., 1923-1998",lcnaf,http://id.loc.gov/authorities/names/n79119103
"Organski, A.F.K.",lcnaf,
"Orlebeke, Charles J.",lcnaf,http://id.loc.gov/authorities/names/n83159503
"Ormandy, Eugene, 1899-1985.",lcnaf,http://id.loc.gov/authorities/names/n80122958
"Ormondroyd, J. (Jesse), 1897-",lcnaf,http://id.loc.gov/authorities/names/nr93018176
"Orr, H. Winnett (Hiram Winnett), 1877-1956.",lcnaf,http://id.loc.gov/authorities/names/n80040513
"Ortmann, Charles L., b. 1830.",lcnaf,
"Osborn, Chase S. (Chase Salmon), 1860-1949.",lcnaf,http://id.loc.gov/authorities/names/n90620386
"Osborn, Chase S. (Chase Salmon), b. 1860.",lcnaf,
"Osborn, Curtis.",lcnaf,
"Osborn, George A.",lcnaf,
"Osborn, Henry Fairfield, 1857-1935.",lcnaf,http://id.loc.gov/authorities/names/n80034959
"Osborn, June E., 1937-",lcnaf,http://id.loc.gov/authorities/names/n89102362
"Osborn, Stellanova, 1894-1988.",lcnaf,http://id.loc.gov/authorities/names/n92118551
"Osborne, Lithgow, 1892-1980",lcnaf,http://id.loc.gov/authorities/names/n92118545
"Osborne, Norman V.",lcnaf,
"Osgood, Cornelius, 1905-1985",lcnaf,http://id.loc.gov/authorities/names/n80007747
"Osgood, William Fogg, 1864-1943.",lcnaf,http://id.loc.gov/authorities/names/n84802030
"Oshima, Keiichi, 1921-",lcnaf,http://id.loc.gov/authorities/names/n81040488
"Osias, Camilo, 1889-",lcnaf,http://id.loc.gov/authorities/names/n00113371
"Osler, David W.",lcnaf,
"Osler, William, Sir, 1849-1919.",lcnaf,
"Osmeña, Sergio, 1878-1961.",lcnaf,
"Osmeóna, Sergio, 1878-1961.",lcnaf,
"Ostafin, Peter A.",lcnaf,
"Ostrand, Lillian G.",lcnaf,
"Ostwald, Wilhelm, 1853-1932.",lcnaf,http://id.loc.gov/authorities/names/n81091807
"Oswald, Marina, 1941-",lcnaf,
"Otis, Robert Burns, 1879-",lcnaf,
"Otis, William Augustus, 1855-1929.",lcnaf,http://id.loc.gov/authorities/names/n2007073552
"Ott, Harvey N.",lcnaf,
"Ouradnik, Francis W.",lcnaf,
"Outwater, Eva J. Shedd, 1856-1908.",lcnaf,
"Overberger, C. G. (Charles Gilbert), 1920-",lcnaf,http://id.loc.gov/authorities/names/n80051053
"Overberger, Charles G. (1920-1987)",lcnaf,
"Overholt, Gerald.",lcnaf,
"Ovshinsky, Harvey.",lcnaf,
"Ovshinsky, Stanford R.",lcnaf,http://id.loc.gov/authorities/names/n85078870
"Owen, Gary M.",lcnaf,http://id.loc.gov/authorities/names/n79098019
"Owen, George W.",lcnaf,
"Owen, Norman G., collector.",lcnaf,
"Owen, R. Dwight.",lcnaf,
"Owens, Clara.",lcnaf,
"Owens, Henry J.",lcnaf,
"Owens, John",lcnaf,
"Owens, John P.",lcnaf,http://id.loc.gov/authorities/names/no99013765
"Oxnam, G. Bromley (Garfield Bromley), 1891-1963.",lcnaf,http://id.loc.gov/authorities/names/n90659233
"O’Brien, Michael, 1943-",lcnaf,
"O’Brien, Thomas James, 1842-1933.",lcnaf,
"O’Neal, Joe",lcnaf,
"Pack, Charles Lathrop, 1857-1937.",lcnaf,http://id.loc.gov/authorities/names/no90026626
"Pack, Philip Clarkson, 1896-1970.",lcnaf,
"Pack, William Clarkson, 1896-1970.",lcnaf,
"Pacosz, Christina V.",lcnaf,http://id.loc.gov/authorities/names/n82206517
"Paddock, Alfred J.",lcnaf,
"Pagano, Joseph F., 1909-",lcnaf,
"Page, Douglas H.",lcnaf,
"Page, Herman, 1866-1942.",lcnaf,
"Page, Kirby, 1890-1957.",lcnaf,http://id.loc.gov/authorities/names/n50051853
"Page, Larry, 1973-",lcnaf,http://id.loc.gov/authorities/names/n2005086596
"Page, Lawrence Sherman.",lcnaf,
"Page, Walter Hines, 1855-1918.",lcnaf,http://id.loc.gov/authorities/names/n50051834
"Pahl, Marvin F.",lcnaf,
"Paine, Albert Bigelow, 1861-1937.",lcnaf,http://id.loc.gov/authorities/names/n80089241
"Palazzolo, Laurie, collector.",lcnaf,
"Paley, William S. (William Samuel), 1901-1990",lcnaf,http://id.loc.gov/authorities/names/n79003951
"Palmer, Alice Freeman, 1855-1902.",lcnaf,http://id.loc.gov/authorities/names/n92121370
"Palmer, Alonzo Benjamin, 1815-1887.",lcnaf,http://id.loc.gov/authorities/names/n85801637
"Palmer, C. William, 1886-1965.",lcnaf,
"Palmer, Calvin A.",lcnaf,
"Palmer, Charles Henry, 1814-1887.",lcnaf,
"Palmer, Charles Henry, d. 1911.",lcnaf,
"Palmer, David Wheeler, 1807-1896.",lcnaf,http://id.loc.gov/authorities/names/no2015040313
"Palmer, Emmett Newton.",lcnaf,
"Palmer, F. R., 1909-",lcnaf,
"Palmer, Fidelia Randall.",lcnaf,
"Palmer, Fidelia.",lcnaf,
"Palmer, Frank Herbert, 1853-1936.",lcnaf,
"Palmer, Fred E.",lcnaf,
"Palmer, George E.",lcnaf,http://id.loc.gov/authorities/names/n50050261
"Palmer, George E., 1908-1994.",lcnaf,
"Palmer, George Herbert, 1842-1933.",lcnaf,http://id.loc.gov/authorities/names/n50050262
"Palmer, John S.",lcnaf,
"Palmer, Louisa Fidelia.",lcnaf,
"Palmer, Milton R., 1878-",lcnaf,
"Palmer, Russell Denison, 1818-1895.",lcnaf,http://id.loc.gov/authorities/names/no2015040206
"Palmer, Thomas Witherell, 1830-1913.",lcnaf,http://id.loc.gov/authorities/names/n91070136
"Palmer, William B.",lcnaf,
"Palmquist, Rose, 1906-",lcnaf,
"Panchuk, John, 1904-1981.",lcnaf,http://id.loc.gov/authorities/names/no99034020
"Paneth, Fritz, 1887-1958.",lcnaf,http://id.loc.gov/authorities/names/n83826422
"Panzner, John, 1883-",lcnaf,
"Paquin, Samuel Savil, 1868-1943.",lcnaf,
"Paras-Perez, Rodolfo.",lcnaf,http://id.loc.gov/authorities/names/n82118458
"Parker, Blanche.",lcnaf,
"Parker, Dewitt Henry, 1885-1949.",lcnaf,http://id.loc.gov/authorities/names/nr95008113
"Parker, Edward Foster.",lcnaf,
"Parker, Francis LeJau, 1873-1966",lcnaf,http://id.loc.gov/authorities/names/n88187448
"Parker, Francis W. (Francis Wayland), 1837-1902.",lcnaf,http://id.loc.gov/authorities/names/n88279855
"Parker, Frank, 1872-1947.",lcnaf,http://id.loc.gov/authorities/names/n2008055613
"Parker, Franklin Leonidas, 1820-1894.",lcnaf,
"Parker, G.",lcnaf,
"Parker, Lucy.",lcnaf,
"Parker, Sampson, b. 1818.",lcnaf,
"Parkhurst, C. H. (Charles Henry), 1842-1933.",lcnaf,http://id.loc.gov/authorities/names/no94004586
"Parkhurst, John G. (John Gibson), 1824-1906.",lcnaf,http://id.loc.gov/authorities/names/nr93003098
"Parkhurst, Stephen.",lcnaf,
"Parkinson, William Charles, 1918-",lcnaf,http://id.loc.gov/authorities/names/nr92044565
"Parks, Lyman S., 1917-",lcnaf,http://id.loc.gov/authorities/names/no99028816
"Parks, Rosa, 1913-2005.",lcnaf,http://id.loc.gov/authorities/names/n87927953
"Parmelee, Maurice, 1882-1969.",lcnaf,http://id.loc.gov/authorities/names/n82009775
"Parr, Clayton.",lcnaf,http://id.loc.gov/authorities/names/no97054546
"Parran, Thomas.",lcnaf,
"Parrish, Silver.",lcnaf,
"Parry, J. H. (John Horace), 1914-1982.",lcnaf,http://id.loc.gov/authorities/names/n79099303
"Parsons, Elsie Worthington Clews, 1875-1941.",lcnaf,
"Parsons, Geoffrey, 1908-1981",lcnaf,http://id.loc.gov/authorities/names/no2009001395
"Parsons, Harriet G.",lcnaf,
"Parsons, Jeffrey R.",lcnaf,http://id.loc.gov/authorities/names/n79056565
"Parsons, Jeffrey R. 1939-",lcnaf,
"Parsons, Mary Hrones.",lcnaf,http://id.loc.gov/authorities/names/n90623626
"Parsons, Philo.",lcnaf,
"Parsons, Talcott, 1902-1979",lcnaf,http://id.loc.gov/authorities/names/n80015395
"Parsons, William Edward, 1872-1939.",lcnaf,
"Partridge, Bellamy, 1877-1960",lcnaf,http://id.loc.gov/authorities/names/n86806338
"Paschen, F.",lcnaf,
"Pastore, John O. (John Orlando), 1907-2000",lcnaf,http://id.loc.gov/authorities/names/n87870914
"Patman, Wright, 1893-1976.",lcnaf,http://id.loc.gov/authorities/names/n50050664
"Paton, Alan.",lcnaf,http://id.loc.gov/authorities/names/n79058640
"Paton, William A. (William Andrew), 1889-1991",lcnaf,http://id.loc.gov/authorities/names/n79007435
"Paton, William Andrew, 1889-.",lcnaf,
"Patrick, Lawrence C.",lcnaf,
"Patrick, William.",lcnaf,
"Patt, Dorothy Wiard.",lcnaf,
"Patten, Bradley M. (Bradley Merrill), 1889-1971",lcnaf,http://id.loc.gov/authorities/names/n80089461
"Patten, Simon Nelson, 1852-1922.",lcnaf,http://id.loc.gov/authorities/names/n79135354
"Pattengill, Albert Henderson, 1842-1906.",lcnaf,
"Pattengill, Craig L.",lcnaf,
"Pattengill, Henry Romaine, 1852-1918.",lcnaf,http://id.loc.gov/authorities/names/no2012004395
"Pattengill, Victor Romaine, 1887-1943.",lcnaf,
"Patterson, Frank Dean, d. 1920.",lcnaf,
"Patterson, George W. (George Washington), 1864-1930.",lcnaf,http://id.loc.gov/authorities/names/n89612056
"Patterson, George Washington, 1799-1879.",lcnaf,http://id.loc.gov/authorities/names/n97020765
"Patterson, John C., 1838-1910.",lcnaf,
"Patterson, L. Brooks.",lcnaf,http://id.loc.gov/authorities/names/no00070108
"Patterson, Merib Rowley.",lcnaf,http://id.loc.gov/authorities/names/n89612059
"Patterson, Minnie Ward.",lcnaf,
"Patterson, Philo David, 1844-1903.",lcnaf,
"Patterson, Robert Porter, 1891-1952.",lcnaf,http://id.loc.gov/authorities/names/n92118558
"Patterson, Willis C.",lcnaf,http://id.loc.gov/authorities/names/n79044388
"Patton, Carl S. (Carl Safford), 1866-1939.",lcnaf,http://id.loc.gov/authorities/names/no92004669
"Patton, George S. (George Smith), 1885-1945.",lcnaf,http://id.loc.gov/authorities/names/n79018666
"Patton, John, 1850-1907.",lcnaf,http://id.loc.gov/authorities/names/n88655160
"Patton, Robert H. (Robert Howard), 1860-1939.",lcnaf,
"Paul, Alice, 1885-1977.",lcnaf,http://id.loc.gov/authorities/names/n85388677
"Paul, Ara G. (Ara Garo), 1929-",lcnaf,
"Paul, Ray.",lcnaf,
"Paul, Ron, 1935-",lcnaf,http://id.loc.gov/authorities/names/n81103750
"Paulding, James K., 1779-1860.",lcnaf,
"Pauli, Wolfgang, 1900-1958.",lcnaf,http://id.loc.gov/authorities/names/n50052111
"Pauling, Linus, 1901-1994",lcnaf,http://id.loc.gov/authorities/names/n79144786
"Paustian, Bonita.",lcnaf,
"Pavey, Ernest W.",lcnaf,
"Pavlov, Ivan Petrovich, 1849-1936.",lcnaf,http://id.loc.gov/authorities/names/n79091172
"Paxson, Frederic L. (Frederic Logan), 1877-1948.",lcnaf,http://id.loc.gov/authorities/names/n84182443
"Payne, E. George (Enoch George), 1877-1953",lcnaf,http://id.loc.gov/authorities/names/nb97056081
"Payne, Elizabeth Clark.",lcnaf,
"Payne, William Harold, 1836-1907.",lcnaf,http://id.loc.gov/authorities/names/n82208046
"Payne, William, 1905-",lcnaf,
"Peabody, Charles.",lcnaf,
"Peabody, Endicott, 1920-1997",lcnaf,http://id.loc.gov/authorities/names/n91083928
"Peabody, Francis Greenwood, 1847-1936.",lcnaf,http://id.loc.gov/authorities/names/n50012379
"Peabody, Frederick William, 1862-1938",lcnaf,http://id.loc.gov/authorities/names/no99050009
"Peabody, George Foster, 1852-1938.",lcnaf,http://id.loc.gov/authorities/names/n86001727
"Peabody, Thomas A.",lcnaf,
"Peale, Norman Vincent, 1898-1993",lcnaf,http://id.loc.gov/authorities/names/n79089903
"Pealer, Russell R.",lcnaf,
"Pearce, Myrtis Raab.",lcnaf,
"Pearl, Edward E.",lcnaf,
"Pearl, Raymond, 1879-1940.",lcnaf,http://id.loc.gov/authorities/names/n79062781
"Pearse, A. S. (Arthur Sperry), 1877-1956.",lcnaf,http://id.loc.gov/authorities/names/n86001728
"Pearson, Drew, 1897-1969.",lcnaf,http://id.loc.gov/authorities/names/n79115506
"Pearson, Karl G.",lcnaf,http://id.loc.gov/authorities/names/n79100423
"Pearson, Lester B.",lcnaf,http://id.loc.gov/authorities/names/n50049186
"Pearson, William J., 1860-",lcnaf,
"Peary, Robert E. (Robert Edwin), 1856-1920.",lcnaf,http://id.loc.gov/authorities/names/n50049394
"Pease, Theodore Calvin, 1887-1948.",lcnaf,http://id.loc.gov/authorities/names/n85808678
"Peattie, Donald Culross, 1898-1964.",lcnaf,http://id.loc.gov/authorities/names/n80023580
"Peck, Fannie.",lcnaf,
"Peck, Gregory, 1916-",lcnaf,
"Peck, William H.",lcnaf,
"Peckham, Howard H. (Howard Henry), 1910-1995.",lcnaf,http://id.loc.gov/authorities/names/n50012423
"Peet, Max Minor.",lcnaf,http://id.loc.gov/authorities/names/n87101284
"Pegler, Westbrook, 1894-1969.",lcnaf,http://id.loc.gov/authorities/names/n86001732
"Peirsol, Thomas Reardon.",lcnaf,
"Pelley, William Dudley, 1890-1965",lcnaf,http://id.loc.gov/authorities/names/n83065963
"Pelz, Donald Campbell, 1921-",lcnaf,http://id.loc.gov/authorities/names/n50010322
"Pelzer, Louis, 1879-1946.",lcnaf,http://id.loc.gov/authorities/names/n83018778
"Pendill, James, 1812-1885.",lcnaf,
"Penn, Sylvia.",lcnaf,
"Penna, D. S. Ferreira.",lcnaf,
"Penney, Harvey A., 1866-",lcnaf,
"Penney, William George, Sir, 1909-",lcnaf,
"Pennington, Fred A.",lcnaf,http://id.loc.gov/authorities/names/n86811930
"Pennington, Jasper Green.",lcnaf,http://id.loc.gov/authorities/names/no2009110045
"Penrod, John.",lcnaf,
"Pepin, George E.",lcnaf,
"Pepper, Charles Melville, 1859-1930.",lcnaf,http://id.loc.gov/authorities/names/no00000505
"Pepper, Claude, 1900-1989",lcnaf,http://id.loc.gov/authorities/names/n81071811
"Pepper, Samuel Dewitt, 1877-1960.",lcnaf,
"Peppler, Orrin H., 1899-",lcnaf,
"Perazza, Julio.",lcnaf,
"Percy, Charles H., 1919-2011",lcnaf,http://id.loc.gov/authorities/names/n50009663
"Perez-Banuet, Alicia.",lcnaf,
"Perigo, Donald J.",lcnaf,
"Perino, Gregory.",lcnaf,http://id.loc.gov/authorities/names/n85203957
"Perkins, Dexter, 1889-",lcnaf,http://id.loc.gov/authorities/names/n50009688
"Perkins, Frances, 1880-1965.",lcnaf,http://id.loc.gov/authorities/names/n50012858
"Perkins, Frances, 1882-1965.",lcnaf,
"Perkins, George Clement, 1839-1923.",lcnaf,http://id.loc.gov/authorities/names/n88156413
"Perkins, John A. (John Alanson), 1914-1982",lcnaf,http://id.loc.gov/authorities/names/n85817919
"Perkins, Jonathon Ellsworth.",lcnaf,
"Perkins, Myra.",lcnaf,
"Perlman, Selig, 1888-1959",lcnaf,http://id.loc.gov/authorities/names/n79071092
"Perret, Christopher, 1935-1965.",lcnaf,
"Perrone, Dominic Joseph.",lcnaf,
"Perry, Bliss, 1860-1954.",lcnaf,http://id.loc.gov/authorities/names/n50009730
"Perry, Clarence Arthur, 1872-1944",lcnaf,http://id.loc.gov/authorities/names/nr98027542
"Perry, Emily S.",lcnaf,
"Perry, George B., b. 1839.",lcnaf,
"Perry, Henry Ernest, 1866-",lcnaf,
"Perry, Hicken.",lcnaf,
"Perry, Matthew Calbraith, 1794-1858.",lcnaf,http://id.loc.gov/authorities/names/n50009036
"Perry, Maude Elaine Caldwell, 1873-1963.",lcnaf,
"Perry, Oliver Hazard, 1785-1819.",lcnaf,http://id.loc.gov/authorities/names/n85373910
"Perry, Stuart Hoffman, 1874-1957.",lcnaf,http://id.loc.gov/authorities/names/no2008017471
"Pershing, John J. (John Joseph), 1860-1948.",lcnaf,http://id.loc.gov/authorities/names/n50009048
"Person, Seymour Howe, 1879-1957.",lcnaf,http://id.loc.gov/authorities/names/n00113349
"Pesotta, Rose, 1896-",lcnaf,http://id.loc.gov/authorities/names/n86053005
Peter Sparling.,lcnaf,
"Peters, Alice E. H.",lcnaf,
"Peters, Kenneth Earl, collector.",lcnaf,
"Peters, Richard G., b. 1832.",lcnaf,
"Petersen, Donald E.",lcnaf,http://id.loc.gov/authorities/names/n88154607
"Peterson, Elly Maude, 1914-2008",lcnaf,http://id.loc.gov/authorities/names/n2011007822
"Peterson, Elly, 1914-",lcnaf,
"Peterson, Enoch Ernest, 1891-",lcnaf,
"Peterson, Esther, 1906-1997",lcnaf,http://id.loc.gov/authorities/names/n86140966
"Peterson, Florence, 1894-",lcnaf,http://id.loc.gov/authorities/names/no92026506
"Peterson, John A.",lcnaf,
"Peterson, Reuben, 1862-1942.",lcnaf,
"Peterson, Shorey, 1897-1981.",lcnaf,
"Petrie, Robert Methven, 1906-",lcnaf,
"Petrillo, James C. (James Caesar), 1892-1984",lcnaf,http://id.loc.gov/authorities/names/no00010229
"Pettee, William Henry, 1838-1904.",lcnaf,http://id.loc.gov/authorities/names/n85369282
"Pettibone, Samuel.",lcnaf,
"Pettigrew, Richard Franklin, 1848-1926.",lcnaf,http://id.loc.gov/authorities/names/n92054861
"Pettit, Edison, 1889-1962",lcnaf,http://id.loc.gov/authorities/names/no2009004916
"Peurala, Alice, 1928-",lcnaf,
"Phelan, Bessie.",lcnaf,
"Phelps, Charles D. (Charles Dellen), 1859-1927.",lcnaf,
"Phelps, Dudley Maynard, 1897-",lcnaf,
"Phelps, Dudley Maynard.",lcnaf,http://id.loc.gov/authorities/names/nb99122524
"Phelps, Myron H. (Myron Henry), 1856-1916.",lcnaf,http://id.loc.gov/authorities/names/n85031951
"Phelps, William Henry, 1872-1939.",lcnaf,
"Phelps, William Lyon, 1865-1943.",lcnaf,http://id.loc.gov/authorities/names/n50047693
"Philbrick, Herbert A. (Herbert Arthur), 1915-1993.",lcnaf,http://id.loc.gov/authorities/names/n98111731
"Philips, Delos, 1840-1887.",lcnaf,
"Phillips, Albert James, 1899-",lcnaf,
"Phillips, Harriett",lcnaf,
"Phillips, James Duncan, b. 1876.",lcnaf,
"Phillips, Michael G.",lcnaf,http://id.loc.gov/authorities/names/n91080646
"Phillips, Paul.",lcnaf,
"Phillips, Philip, 1900-1994",lcnaf,http://id.loc.gov/authorities/names/n79089017
"Phillips, Sandra E.",lcnaf,
"Phillips, Thomas Wharton, 1874-1956.",lcnaf,
"Phillips, Ulrich Bonnell, 1877-1934.",lcnaf,http://id.loc.gov/authorities/names/n50011115
"Phillips, Wendell, 1811-1884.",lcnaf,http://id.loc.gov/authorities/names/n50011116
"Piaget, Jean, 1896-1980",lcnaf,http://id.loc.gov/authorities/names/n78093533
"Picard, Frank A., 1889-1963.",lcnaf,http://id.loc.gov/authorities/names/no2008183545
"Pickard, Josiah Little, 1824-1914.",lcnaf,http://id.loc.gov/authorities/names/no2002079486
"Pickens, F. W. (Francis Wilkinson), 1805-1869.",lcnaf,http://id.loc.gov/authorities/names/n85824165
"Pickford, Mary, 1892-1979.",lcnaf,http://id.loc.gov/authorities/names/n50019725
"Piconke, Joseph.",lcnaf,
"Pierce, Austin Keith, 1918-",lcnaf,
"Pierce, Bessie Louise, 1888-1974.",lcnaf,http://id.loc.gov/authorities/names/n50009833
"Pierce, Edward, 1930-",lcnaf,
"Pierce, John Davis, 1797-1882.",lcnaf,
"Pierce, William J.",lcnaf,
"Piercy, Marge.",lcnaf,http://id.loc.gov/authorities/names/n79088854
"Pierpoint, Wilbur K., 1914-",lcnaf,
"Pierpont, John, 1785-1866.",lcnaf,http://id.loc.gov/authorities/names/n90628815
"Pierpont, Wilbur K., 1914-",lcnaf,
"Piers, John J., 1892-1970.",lcnaf,
"Pierson, Bowen Whiting.",lcnaf,http://id.loc.gov/authorities/names/n96086137
"Pierson, Clara Dillingham.",lcnaf,http://id.loc.gov/authorities/names/no00084442
"Pierson, H. Lynn.",lcnaf,
"Pierson, Job, 1791-1860.",lcnaf,http://id.loc.gov/authorities/names/n96086114
"Pierson, Job, 1824-1896.",lcnaf,http://id.loc.gov/authorities/names/n96086130
"Piggins, Edward S., d. 1972.",lcnaf,
"Pike, James A. (James Albert), 1913-1969.",lcnaf,http://id.loc.gov/authorities/names/n50009859
"Pike, Kenneth L. (Kenneth Lee), 1912-2000",lcnaf,http://id.loc.gov/authorities/names/n79021162
"Pike, Zebulon Montgomery, 1779-1813.",lcnaf,http://id.loc.gov/authorities/names/n79022061
"Pilcher, C. James.",lcnaf,http://id.loc.gov/authorities/names/no96060123
"Pilcher, John L. (John Leonard), 1898-1981",lcnaf,http://id.loc.gov/authorities/names/n85337403
"Pillemer, Louis, 1908-1957.",lcnaf,
"Pilling, Patricia L.",lcnaf,
"Pillsbury, Parker, 1809-1898.",lcnaf,http://id.loc.gov/authorities/names/n50009640
"Pillsbury, W. B. (Walter Bowers), 1872-1960.",lcnaf,http://id.loc.gov/authorities/names/no95038753
"Pinchot, Amos Richards Eno, 1873-1944.",lcnaf,
"Pinchot, Gifford, 1865-1946.",lcnaf,http://id.loc.gov/authorities/names/n78097059
"Pincus, Celia.",lcnaf,
"Pingree, Hazen S., 1840-1901.",lcnaf,http://id.loc.gov/authorities/names/n86868022
"Pinkney, Edward.",lcnaf,
"Pinkus, Hermann.",lcnaf,http://id.loc.gov/authorities/names/n80067553
"Pinkus, Hilde Hensel.",lcnaf,
"Pinkus, Walter",lcnaf,
"Piper, Horace.",lcnaf,
"Piper, William J.",lcnaf,
"Pirnie, Miles David, 1898-",lcnaf,
"Piston, Walter, 1894-1976.",lcnaf,http://id.loc.gov/authorities/names/n81047594
"Pitcher, Zina, 1797-1872.",lcnaf,http://id.loc.gov/authorities/names/n88159840
"Pitkin, Walter Boughton, 1878-1953.",lcnaf,http://id.loc.gov/authorities/names/no89014728
"Pittman, Carter.",lcnaf,
"Pittman, James E.",lcnaf,http://id.loc.gov/authorities/names/no2010030190
"Pittman, Key, 1872-1940.",lcnaf,http://id.loc.gov/authorities/names/n85230862
"Pittman, Margaret, 1901-",lcnaf,http://id.loc.gov/authorities/names/n2014190136
"Plamer, Louisa Fidelia.",lcnaf,
"Plamondon, Genie.",lcnaf,
"Plamondon, Pun--Trials, litigation, etc.",lcnaf,
"Plamondon, Pun.",lcnaf,
"Plank, Clarence Abram.",lcnaf,
"Plant, Marcus L., 1911-1984",lcnaf,http://id.loc.gov/authorities/names/n80020757
"Plant, Marcus L.,1911-",lcnaf,
"Platt, Orville Hitchcock, 1827-1905.",lcnaf,http://id.loc.gov/authorities/names/n89125993
"Platt, Thomas Collier, 1833-1910.",lcnaf,http://id.loc.gov/authorities/names/n50019932
"Platt, Zephaniah, 1797-1872.",lcnaf,
"Plumer, James Marshall, 1899-1960.",lcnaf,
"Plumer, James Marshall.",lcnaf,http://id.loc.gov/authorities/names/no95039483
"Plunckett, Horace.",lcnaf,
"Plunkett Green, Harry.",lcnaf,
"Plunkett, Horace Curzon, Sir, 1854-1932.",lcnaf,http://id.loc.gov/authorities/names/n84036463
"Podojil, Antoinette, 1911-",lcnaf,
"Pody, Leon, 1903-",lcnaf,
"Poe, O. M. (Orlando Metcalfe), 1832-1895.",lcnaf,http://id.loc.gov/authorities/names/n83227923
"Pogo, Alexander, 1893-",lcnaf,http://id.loc.gov/authorities/names/nr95032558
"Pohrt, Richard A., 1911-2005.",lcnaf,
"Poindexter, Miles, 1868-1946.",lcnaf,http://id.loc.gov/authorities/names/n80093638
"Poinier, Arthur Best.",lcnaf,
"Polasky, Alan N., d. 1976",lcnaf,
"Poling, Daniel A. (Daniel Alfred), 1884-1968.",lcnaf,http://id.loc.gov/authorities/names/n90701063
"Poling, Daniel Alfred, 1884-1968.",lcnaf,http://id.loc.gov/authorities/names/n90701063
"Poling, H. A.",lcnaf,
"Polk, Frank L. (Frank Lyon), 1871-1943.",lcnaf,http://id.loc.gov/authorities/names/n85386446
"Polk, James K. (James Knox), 1795-1849.",lcnaf,http://id.loc.gov/authorities/names/n80145740
"Polk, Ralph L.",lcnaf,
"Polk, Sarah Childress, 1803-1891.",lcnaf,http://id.loc.gov/authorities/names/n97016310
"Polk, Wardell.",lcnaf,
"Pollack, Lana, 1942-",lcnaf,
"Pollack, Peter, 1939-2010.",lcnaf,
"Pollard, William.",lcnaf,
"Pollock, James K. (James Kerr), 1898-1968",lcnaf,http://id.loc.gov/authorities/names/n94057548
"Pollock, James Kerr, 1898-",lcnaf,
"Pomari, M.",lcnaf,
"Pomeroy, Austin.",lcnaf,
"Pomeroy, Francis Mills, 1840-1904.",lcnaf,
"Pomeroy, Kenneth Brownridge, 1907-",lcnaf,
"Pomeroy, Susan Lincoln.",lcnaf,
"Pond, Allen Bartlit, 1858-1929.",lcnaf,
"Pond, Allen Bartlit.",lcnaf,
"Pond, Ashley, 1827-1910.",lcnaf,http://id.loc.gov/authorities/names/no2009002057
"Pond, Elihu Bartlit, 1826-1898.",lcnaf,
"Pond, Irving K. (Irving Kane), 1857-1939.",lcnaf,http://id.loc.gov/authorities/names/nr2005006909
"Pond, Irving Kane, 1857-1939.",lcnaf,http://id.loc.gov/authorities/names/nr2005006909
"Pond, Mary Barlow Allen, 1826-1915.",lcnaf,
"Ponselle, Rosa, 1897-1981.",lcnaf,http://id.loc.gov/authorities/names/n81112098
"Pontiac, Ottawa Chief, d. 1769.",lcnaf,
"Poole, Reginald Lane, 1857-1939.",lcnaf,http://id.loc.gov/authorities/names/n50019220
"Poole, S. Alicia.",lcnaf,
"Pooley, Beverly J.",lcnaf,
"Pop, Iggy, 1947-",lcnaf,http://id.loc.gov/authorities/names/n82131005
"Pope, Ira Greer, Mrs.",lcnaf,
"Popenoe, Wilson, 1892-1975",lcnaf,http://id.loc.gov/authorities/names/n92038725
"Poplawksi, Adam, 1908-",lcnaf,
"Porter, David R.",lcnaf,
"Porter, Katherine Anne, 1890-1980.",lcnaf,http://id.loc.gov/authorities/names/n79038436
"Porter, Kenneth.",lcnaf,
"Porter, Quincy, 1897-1966.",lcnaf,http://id.loc.gov/authorities/names/n84183226
"Porter, Russell B.",lcnaf,
"Porter, William Earl.",lcnaf,http://id.loc.gov/authorities/names/n81129597
"Porter, William Townsend, 1862-1949.",lcnaf,http://id.loc.gov/authorities/names/n83031096
"Porzondek, Anthony B.",lcnaf,
"Post, Charles William, 1854-1914.",lcnaf,http://id.loc.gov/authorities/names/no2001004545
"Post, E. M.",lcnaf,
"Post, Louis Freeland, 1849-1928.",lcnaf,http://id.loc.gov/authorities/names/n50019816
"Post, Marjorie Merriweather.",lcnaf,http://id.loc.gov/authorities/names/n94058204
"Posthumus, Dick, 1950-",lcnaf,
"Poteat, Edwin McNeill, 1892-1955.",lcnaf,http://id.loc.gov/authorities/names/n85386454
"Potier, Pierre-Philippe, 1708-1781.",lcnaf,http://id.loc.gov/authorities/names/nr95019548
"Potofsky, Jacob S. (Jacob Samuel), 1894-1979",lcnaf,http://id.loc.gov/authorities/names/nr99022865
"Potter, Charles E. (Charles Edward), 1916-1979.",lcnaf,http://id.loc.gov/authorities/names/nr92042890
"Potter, John M.",lcnaf,
"Potter, Louise, 1895-",lcnaf,http://id.loc.gov/authorities/names/n79089751
"Potter, Paul, 1939-",lcnaf,
"Potter, Theodore Edgar, 1832-1910.",lcnaf,
"Potter, William W., 1869-1940.",lcnaf,http://id.loc.gov/authorities/names/no2008089537
"Potts, Randy.",lcnaf,
"Potts, Robert L.",lcnaf,
"Pound, Arthur, 1884-1966.",lcnaf,http://id.loc.gov/authorities/names/n50019582
"Pound, Roscoe, 1870-1964.",lcnaf,http://id.loc.gov/authorities/names/n79059931
"Powderly, Terence Vincent, 1849-1924.",lcnaf,http://id.loc.gov/authorities/names/n50020137
"Powell, Adam Clayton, 1908-1972.",lcnaf,http://id.loc.gov/authorities/names/n82012171
"Powell, John.",lcnaf,
"Powell, Thomas Reed, 1880-1955.",lcnaf,http://id.loc.gov/authorities/names/n2001088550
"Power, Eugene B., 1905-",lcnaf,http://id.loc.gov/authorities/names/n90608817
"Power, Philip H.",lcnaf,
"Power, Philip H. (Philip Harwick), 1938-",lcnaf,
"Power, Sadye.",lcnaf,
"Power, Sarah Goddard, 1935-1987.",lcnaf,
"Powers, John Ward.",lcnaf,
"Powers, Perry Francis, 1857-1945.",lcnaf,
"Powrie, Emerson F.",lcnaf,
"Powrie, Gwendolyn Sutton.",lcnaf,http://id.loc.gov/authorities/names/no2010017717
"Prahalad, C. K.",lcnaf,http://id.loc.gov/authorities/names/n82077061
"Prashad, Vijay.",lcnaf,http://id.loc.gov/authorities/names/n99832874
"Prato, Gene.",lcnaf,
"Pratt, Julius William, 1888-",lcnaf,http://id.loc.gov/authorities/names/n79054715
"Pray, Frank F.",lcnaf,
"Pray, George R. (George Raymond), 1878-1967.",lcnaf,
"Pray, George Washington, 1825-1890.",lcnaf,
"Prejean, Helen.",lcnaf,http://id.loc.gov/authorities/names/n92115539
"Prentiss, James Henry, 1872-1960.",lcnaf,
"Prescott, A. B. (Albert Benjamin), 1832-1905.",lcnaf,http://id.loc.gov/authorities/names/n86867624
"Prescott, George Allen, 1862-",lcnaf,
"Prescott, R. F.",lcnaf,
"Pressey, Edward Pearson.",lcnaf,
"Pressman, Lee, 1906-1969",lcnaf,http://id.loc.gov/authorities/names/n88028134
"Pressman, Lee.",lcnaf,
"Preston, Ann J. Loomis, 1812-1892.",lcnaf,
"Preston, Fowler S., 1844-1896.",lcnaf,
"Preston, Harriet N.",lcnaf,
"Preston, Wallace A., 1842-1924.",lcnaf,
"Prewitt, Kenneth.",lcnaf,http://id.loc.gov/authorities/names/n79093139
"Price, Derek J. de Solla (Derek John de Solla), 1922-1983.",lcnaf,http://id.loc.gov/authorities/names/n50027474
"Price, Hereward Thimbleby, 1880-1964.",lcnaf,http://id.loc.gov/authorities/names/n50027695
"Price, Hickman, 1911-",lcnaf,
"Price, Jacob M.",lcnaf,http://id.loc.gov/authorities/names/n80037740
"Price, Lucien, 1883-1964.",lcnaf,http://id.loc.gov/authorities/names/nr88003214
"Price, Lyman B., b. 1811.",lcnaf,
"Price, Margaret Bayne, 1912-1968.",lcnaf,
"Price, Percival, 1901-1985",lcnaf,http://id.loc.gov/authorities/names/n84189676
"Price, William George, Jr.",lcnaf,
"Price, William George.",lcnaf,
"Prichette, Kintzing.",lcnaf,
"Priest, J. Percy.",lcnaf,
"Priestley, Herbert Ingram, 1875-1944.",lcnaf,http://id.loc.gov/authorities/names/n80102295
"Primm, Clarence J., 1886-1957.",lcnaf,
"Pritchard, Benjamin Dudley, 1835-1907.",lcnaf,http://id.loc.gov/authorities/names/no2009183681
"Pritchett, Henry Smith, 1857-1939.",lcnaf,http://id.loc.gov/authorities/names/nr89001420
"Procter, William Cooper, 1862-1934.",lcnaf,http://id.loc.gov/authorities/names/no00007085
"Proctor, Alexander Phimister, 1862-1950.",lcnaf,
"Proctor, Hazel, collector.",lcnaf,
"Proffitt, Roy Franklin, 1918-",lcnaf,
"Prothrow-Stith, Deborah, 1954-",lcnaf,http://id.loc.gov/authorities/names/n91010644
"Proud, Paul.",lcnaf,
"Proxmire, William.",lcnaf,http://id.loc.gov/authorities/names/n79148254
"Prussion, Karl.",lcnaf,http://id.loc.gov/authorities/names/no2006011511
"Pryor, Millard H., 1901-",lcnaf,
"Pryor, Roger Atkinson, 1828-1919.",lcnaf,http://id.loc.gov/authorities/names/n88222160
"Pugh, Mary Jo.",lcnaf,http://id.loc.gov/authorities/names/n87806265
"Punch, Margaret R.",lcnaf,
"Purcell, William Gray, 1880-1965.",lcnaf,http://id.loc.gov/authorities/names/n82087712
"Purdy, Edward, 1914-",lcnaf,http://id.loc.gov/authorities/names/n91109185
"Purdy, G. Flint (George Flint), 1905-1969",lcnaf,http://id.loc.gov/authorities/names/n91062188
"Puri, J. N.",lcnaf,
"Purnell, Benjamin Franklin, 1861-1927.",lcnaf,http://id.loc.gov/authorities/names/n91023470
"Purnell, Mary Stollard, 1862?-1953.",lcnaf,
"Pursell, Carl D.",lcnaf,http://id.loc.gov/authorities/names/n82139467
"Putnam, Frederic Ward, 1839-1915.",lcnaf,http://id.loc.gov/authorities/names/n87863113
"Putnam, George Haven, 1844-1930.",lcnaf,http://id.loc.gov/authorities/names/n86868196
"Putnam, George Palmer, 1887-1950.",lcnaf,http://id.loc.gov/authorities/names/n87873292
"Putnam, Herbert, 1861-1955.",lcnaf,http://id.loc.gov/authorities/names/n85185518
"Putnam, Mark Edson, 1886-",lcnaf,
"Putnam, Ruth, 1856-1931.",lcnaf,http://id.loc.gov/authorities/names/n84805342
"Putnam, William Lowell, Mrs., 1862-1935.",lcnaf,http://id.loc.gov/authorities/names/nr92027441
"Putnam, William.",lcnaf,
"Pyke, Alfred Joseph, 1880-",lcnaf,
"Pyle, Ernie, 1900-1945.",lcnaf,http://id.loc.gov/authorities/names/n79060197
"Pyle, Howard, 1906-1987",lcnaf,http://id.loc.gov/authorities/names/n93045685
"Pêtrequin, Odette.",lcnaf,
"Qazwini, Hassan, 1964-",lcnaf,http://id.loc.gov/authorities/names/n2007016972
"Quaal, Ward L.",lcnaf,http://id.loc.gov/authorities/names/n98000152
"Quaife, Milo Milton, 1880-1959.",lcnaf,http://id.loc.gov/authorities/names/n79093112
"Quarles, Donald Aubrey, 1894-1959.",lcnaf,http://id.loc.gov/authorities/names/n2003124890
"Quarry, James J.",lcnaf,
"Quarton, Gardner C.",lcnaf,http://id.loc.gov/authorities/names/no2003041887
"Quay, Mathew Stanley, 1833-1904.",lcnaf,
"Quezon, Manuel Luis, 1878-1944.",lcnaf,http://id.loc.gov/authorities/names/n50050542
"Quillico, Walter H., 1916-",lcnaf,
"Quimby, Thomas H. E. (Thomas Howard Emerson), 1918-1998",lcnaf,http://id.loc.gov/authorities/names/n91084884
"Quinn, Robert P.",lcnaf,http://id.loc.gov/authorities/names/n50050565
"Quirino, Elpidio, 1890-1956.",lcnaf,http://id.loc.gov/authorities/names/n88243581
"Qāsim, Abd al-Karīm, 1914-1963.",lcnaf,
"Raab, Alice Cary, 1873-1964.",lcnaf,
"Raab, Arthur E.",lcnaf,
"Raab, Doug.",lcnaf,
"Raab, Ethel, 1882-1971.",lcnaf,
"Raab, George, 1845-",lcnaf,
"Raab, Harriet.",lcnaf,
"Raab, Irving T. (Irving Tomlinson), 1875-1969.",lcnaf,
"Raab, Margaret Lincoln.",lcnaf,
"Rabaut, Louis Charles, 1886-1961.",lcnaf,http://id.loc.gov/authorities/names/no2009001428
"Rabe, David.",lcnaf,http://id.loc.gov/authorities/names/n79148174
"Rabin, Yitzhak, 1922-1995",lcnaf,http://id.loc.gov/authorities/names/n80038008
"Rabinovitz, Sam.",lcnaf,
"Rachmaninoff, Sergei, 1873-1943.",lcnaf,http://id.loc.gov/authorities/names/n50054908
"Rackham, Horace H., 1858-1933.",lcnaf,
"Rackham, Mary A. Horton, d. 1947.",lcnaf,
"Rademacher, Paul.",lcnaf,
"Rademaker, John.",lcnaf,
"Radford, Edwin P.",lcnaf,
"Radock, Michael, 1917-",lcnaf,
"Radow, Carl.",lcnaf,
"Radulovich, Milo, 1926-2007.",lcnaf,http://id.loc.gov/authorities/names/n96060693
"Radulovich, Milo, 1927?-",lcnaf,
"Radzialowski, Thaddeus Casmir.",lcnaf,http://id.loc.gov/authorities/names/n86021733
"Raff, George.",lcnaf,
"Raff, Joachim, 1822-1882.",lcnaf,http://id.loc.gov/authorities/names/n82055934
"Ragland-Sullivan, Ellie, 1941-",lcnaf,http://id.loc.gov/authorities/names/n84032527
"Ragone, David V., 1930-",lcnaf,http://id.loc.gov/authorities/names/n87141750
"Rahilly, Joseph B.",lcnaf,
"Rahn, Sheldon Lloyd, 1918-",lcnaf,
"Raines, Richard Campbell, 1898-",lcnaf,
"Rains, Albert M. 1902-",lcnaf,
"Ralston, Jackson Harvey, 1857-1945.",lcnaf,http://id.loc.gov/authorities/names/n85351685
"Ramos, Alfredo.",lcnaf,
"Ramos, Joóao Farias.",lcnaf,
"Ramsey, Leon, 1897-",lcnaf,
"Rand, Ayn.",lcnaf,http://id.loc.gov/authorities/names/n50054463
"Rand, Benjamin, 1856-1934.",lcnaf,http://id.loc.gov/authorities/names/n50054464
"Randall, Caleb Dwinell, 1831-1903.",lcnaf,http://id.loc.gov/authorities/names/n2011022885
"Randall, Harrison M. (Harrison McAllister), 1870-",lcnaf,http://id.loc.gov/authorities/names/n87833332
"Randall, Harrison M. (Harrison McAllister), b. 1870.",lcnaf,
"Randall, J. G. (James Garfield), 1881-1953.",lcnaf,http://id.loc.gov/authorities/names/n80112814
"Randall, J. Herman.",lcnaf,
"Randall, John Herman, 1871-1946.",lcnaf,http://id.loc.gov/authorities/names/no00102022
"Randall, May Muma.",lcnaf,
"Randall, Mercedes.",lcnaf,
"Randall, Roswell.",lcnaf,
"Randall, Sarah Geddes.",lcnaf,
"Randall, William T.",lcnaf,
"Randegger, Alberto, 1832-1911.",lcnaf,http://id.loc.gov/authorities/names/n82202001
"Ranger, Roy.",lcnaf,
"Rankin, John Elliott, 1882-1960.",lcnaf,http://id.loc.gov/authorities/names/n99043061
"Rankin, Thomas Ernest, 1872-1953.",lcnaf,http://id.loc.gov/authorities/names/no2001052944
"Rannells, B. U.",lcnaf,
"Ransdell, Joseph Eugene, 1858-1954.",lcnaf,http://id.loc.gov/authorities/names/n90640269
"Ransom, Epaphroditus, 1797-1859.",lcnaf,
"Ransom, Eugene A.",lcnaf,
"Ransom, James W.",lcnaf,
"Ransom, Jeanne Bailey, 1920-",lcnaf,http://id.loc.gov/authorities/names/n91103521
"Ranville, Michael, 1943-",lcnaf,http://id.loc.gov/authorities/names/n96059329
"Ranville, Michael, 1943---To strike at a king.",lcnaf,
"Rapaport, David.",lcnaf,
"Rappaport, Roy A., 1926-1997.",lcnaf,
"Rasch, Charles.",lcnaf,http://id.loc.gov/authorities/names/no92008579
"Rash, Ralph.",lcnaf,
"Rasmussen, Martin.",lcnaf,
"Rasmussen, Roy Paul, 1893-1956.",lcnaf,
"Rasmussen, Susan.",lcnaf,
"Ratcliff, William D.",lcnaf,
"Rath, Christian, 1832-1920.",lcnaf,
"Rathmer, Felix Martin, d. 1959.",lcnaf,
"Ratigan, William.",lcnaf,http://id.loc.gov/authorities/names/no2002102185
"Raulet, Nais.",lcnaf,
"Rauschenbusch, Walter, 1861-1918.",lcnaf,http://id.loc.gov/authorities/names/n50054020
"Ravitz, Allyn.",lcnaf,
"Ravitz, Mel, 1924-",lcnaf,
"Ray, P. Orman (Perley Orman), b. 1875.",lcnaf,
"Rayburn, Robert H., 1866-",lcnaf,
"Rayburn, Sam, 1882-1961.",lcnaf,http://id.loc.gov/authorities/names/n83063388
"Raymond, J. Everett.",lcnaf,
"Raymond, Philip.",lcnaf,
"Re, Vittorio.",lcnaf,
"Rea, Paul Marshall, 1878-",lcnaf,
"Rea, Samuel, 1855-1929.",lcnaf,http://id.loc.gov/authorities/names/n85810897
"Read, Carrie.",lcnaf,
"Read, E. Mabel.",lcnaf,
"Read, Thomas, 1881-",lcnaf,
"Reagan, Ronald.",lcnaf,http://id.loc.gov/authorities/names/n79059562
"Rebec, George, 1868-1944.",lcnaf,
"Rector, Gail Wesley, 1918-",lcnaf,
"Redding, Otis, 1941-1967.",lcnaf,http://id.loc.gov/authorities/names/nr89011547
"Redfield, Alexander Heman, 1805-1869.",lcnaf,
"Redman, Edward H.",lcnaf,
"Redstone, Louis G.",lcnaf,http://id.loc.gov/authorities/names/n79108363
"Reece, B. Carroll (Brazilla Carroll), 1889-1961.",lcnaf,http://id.loc.gov/authorities/names/no96033189
"Reece, Carroll, 1889-",lcnaf,
"Reed, Beth Glover.",lcnaf,http://id.loc.gov/authorities/names/n82014507
"Reed, Clyde Martin, 1871-1949.",lcnaf,http://id.loc.gov/authorities/names/no99026415
"Reed, Frank Fremont, 1857-1926.",lcnaf,
"Reed, John Oren, 1856-1916.",lcnaf,http://id.loc.gov/authorities/names/n87100421
"Reed, John Wesley, 1918-",lcnaf,
"Reed, Marshall Russell, 1891-",lcnaf,
"Reed, Stanley F.",lcnaf,
"Reed, Thomas Harrison, b. 1881.",lcnaf,
"Reed, Walter, 1851-1902.",lcnaf,http://id.loc.gov/authorities/names/n81103522
"Rees, Paul S. (Paul Stromberg)",lcnaf,http://id.loc.gov/authorities/names/no89018482
"Rees, Seth Cook.",lcnaf,http://id.loc.gov/authorities/names/n84035148
"Reeve, Christopher, 1952-2004.",lcnaf,http://id.loc.gov/authorities/names/n88027389
"Reeves, Alfred L., 1873-",lcnaf,
"Reeves, Jesse Siddall, 1871-1942",lcnaf,
"Reeves, Jesse Siddall, 1872-1942",lcnaf,http://id.loc.gov/authorities/names/no2001028340
"Reeves, Jesse Siddall,1872-",lcnaf,
"Reichart, Walter Albert, 1903-1999.",lcnaf,http://id.loc.gov/authorities/names/n80076303
"Reichert, Christine John.",lcnaf,
"Reichert, Rudolph E., 1887-1965.",lcnaf,
"Reichert, Rudolph Edward, 1887-1965.",lcnaf,http://id.loc.gov/authorities/names/no2008189235
"Reichle, Lewis.",lcnaf,
"Reid, Clarence A.",lcnaf,
"Reid, Doris.",lcnaf,
"Reid, Gilbert, 1857-1927.",lcnaf,http://id.loc.gov/authorities/names/nr93003137
"Reid, Lloyd B.",lcnaf,
"Reid, Neil E., 1871-",lcnaf,
"Reid, Whitelaw, 1837-1912.",lcnaf,http://id.loc.gov/authorities/names/n50050931
"Reighard, Jacob Ellsworth, 1861-1942.",lcnaf,
"Reighard, Jacob, 1861-1942",lcnaf,http://id.loc.gov/authorities/names/no2002065707
"Reilly, Lawrence.",lcnaf,
"Reimann, Irving G.",lcnaf,
"Reimann, Lewis Charles.",lcnaf,http://id.loc.gov/authorities/names/n82013421
"Reinecke, Carl, 1824-1910.",lcnaf,http://id.loc.gov/authorities/names/n81120368
"Reisler, Joseph T.",lcnaf,
"Remington, Richard D.",lcnaf,http://id.loc.gov/authorities/names/n80020715
"Remley, Frederick.",lcnaf,
"Remsen, Ira, 1846-1927.",lcnaf,http://id.loc.gov/authorities/names/n79132489
"Rentschler, Edwin D., 1900-1971.",lcnaf,
"Rentschler, J. Fred, 1869-1940.",lcnaf,
"Repucci, Shirine M.",lcnaf,
"Respighi, Ottorino, 1879-1936.",lcnaf,http://id.loc.gov/authorities/names/n80014383
"Reule, Frieda Illi.",lcnaf,
"Reunes, Aris.",lcnaf,
"Reuther, May Wolf, d. 1970.",lcnaf,
"Reuther, Roy L., d. 1968.",lcnaf,
"Reuther, Victor G. (Victor George), 1912-2004",lcnaf,http://id.loc.gov/authorities/names/n91002356
"Reuther, Walter, 1907-1970.",lcnaf,http://id.loc.gov/authorities/names/n50045219
"Revelli, William D. (William Donald), 1902-",lcnaf,
"Revelli, William D. (William Donald), 1902-1994.",lcnaf,http://id.loc.gov/authorities/names/n82217046
"Reyes, Linda.",lcnaf,
"Reynolds, Barbara.",lcnaf,
"Reynolds, Elon G., 1841-",lcnaf,
"Reynolds, Fred.",lcnaf,
"Reynolds, Harrison G.",lcnaf,
"Reynolds, Paul Revere, 1864-1944.",lcnaf,
"Reynolds, Quentin James, 1902-1965.",lcnaf,http://id.loc.gov/authorities/names/n50042673
"Reynolds, Robert Rice, 1884-1963.",lcnaf,http://id.loc.gov/authorities/names/n00032059
"Rhee, Syngman, 1875-1965.",lcnaf,http://id.loc.gov/authorities/names/n80079491
"Rhodes, Frank Harold Trevor.",lcnaf,http://id.loc.gov/authorities/names/n50044852
"Ribicoff, Abraham, 1910-1998",lcnaf,http://id.loc.gov/authorities/names/n81020403
"Rice, Allen B.",lcnaf,
"Rice, Elmer, 1892-1967.",lcnaf,http://id.loc.gov/authorities/names/n92055304
"Rice, Grantland, 1880-1954.",lcnaf,http://id.loc.gov/authorities/names/n92118372
"Rice, Paul North, 1888-1967.",lcnaf,http://id.loc.gov/authorities/names/no97054897
"Rice, Warner Grenelle, 1899-",lcnaf,
"Rich, Arthur, 1937-1990.",lcnaf,http://id.loc.gov/authorities/names/nr94038832
"Rich, John Treadway, 1841-1926.",lcnaf,http://id.loc.gov/authorities/names/no2008186715
"Richard, Gabriel, 1767-1832.",lcnaf,http://id.loc.gov/authorities/names/n85373786
"Richards, Ann, 1933-2006",lcnaf,http://id.loc.gov/authorities/names/n88179394
"Richards, James P. (James Prioleau), 1894-1979",lcnaf,http://id.loc.gov/authorities/names/n88224242
"Richards, Russell.",lcnaf,
"Richards, Theodore W. (Theodore William), 1868-1928.",lcnaf,http://id.loc.gov/authorities/names/n87802226
"Richardson, Ernest Cushing, 1860-1939.",lcnaf,http://id.loc.gov/authorities/names/n93066104
"Richardson, George F., 1850-1923.",lcnaf,
"Richardson, Herbert H., 1898-",lcnaf,
"Richardson, Hilary Goode, 1874-",lcnaf,
"Richey, Lawrence, 1885-1959.",lcnaf,http://id.loc.gov/authorities/names/no2004063516
"Richmond, William A., 1808-1870.",lcnaf,
"Rickenbacker, Eddie, 1890-1973.",lcnaf,http://id.loc.gov/authorities/names/n79021901
"Ricketts, Howard Taylor, 1871-1910.",lcnaf,http://id.loc.gov/authorities/names/no98020298
"Rickey, Branch, 1881-1965.",lcnaf,http://id.loc.gov/authorities/names/n81149658
"Rickover, Hyman George.",lcnaf,http://id.loc.gov/authorities/names/n50045673
"Rider, Fremont, 1885-1962.",lcnaf,http://id.loc.gov/authorities/names/n86024521
"Ridgely, Benjamin H., 1861-1908.",lcnaf,
"Riegel, John W.",lcnaf,http://id.loc.gov/authorities/names/nr91018407
"Riegel, Klaus F.",lcnaf,http://id.loc.gov/authorities/names/n50044244
"Riegel, Ruth.",lcnaf,
"Riegle, Donald W., 1938-",lcnaf,http://id.loc.gov/authorities/names/no91007047
"Riegle, Donald W., Jr.",lcnaf,
"Rifkin, Jeremy.",lcnaf,http://id.loc.gov/authorities/names/n77020051
"Riggs, Donald E.",lcnaf,http://id.loc.gov/authorities/names/n82017079
"Riggs, Henry Earle, 1865-1949.",lcnaf,
"Riggs, Henry Earle, b. 1865.",lcnaf,
"Rightmire, George W. (George Washington), 1868-1952",lcnaf,http://id.loc.gov/authorities/names/no98021297
"Riley, James Whitcomb, 1849-1916.",lcnaf,http://id.loc.gov/authorities/names/n79089084
"Riley, Thomas.",lcnaf,
"Rindge, Warren.",lcnaf,
"Rinehart, Mary Roberts, 1876-1958.",lcnaf,http://id.loc.gov/authorities/names/n78078535
"Ringer, William Raimond, 1898-1973.",lcnaf,http://id.loc.gov/authorities/names/no2011194048
"Ringo, Ernest Richard.",lcnaf,
"Ringwald, John F., 1904-",lcnaf,
"Rinsey, David, b. 1838.",lcnaf,
"Rinsey, George, 1881-",lcnaf,
"Rinsey, Ina Alexander.",lcnaf,
"Riordan, C. E.",lcnaf,
"Ripley, William Zebina, 1867-1941.",lcnaf,http://id.loc.gov/authorities/names/n50054856
"Rippy, J. Fred (James Fred), 1892-1977.",lcnaf,http://id.loc.gov/authorities/names/n50054857
"Ritchie, David George, 1853-1903.",lcnaf,http://id.loc.gov/authorities/names/n79141275
"Rivera, R.",lcnaf,
"Rivers, Larry, 1925-2002.",lcnaf,http://id.loc.gov/authorities/names/n79043656
"Rivers, Lynn N.",lcnaf,
"Rivers, William Cannon, 1866-1943.",lcnaf,
"Roach, Thomas A., 1929-",lcnaf,
"Robbins, Frank Egleston, 1884-",lcnaf,http://id.loc.gov/authorities/names/n84805970
"Robbins, Frank Egleston, 1884-1963.",lcnaf,
"Robbins, Jerome John, 1841-1921.",lcnaf,
"Roberts, Carmen A.",lcnaf,
"Roberts, Dennis Joseph, 1903-1994",lcnaf,http://id.loc.gov/authorities/names/n00066017
"Roberts, Edmund, 1784-1836.",lcnaf,http://id.loc.gov/authorities/names/n91123413
"Roberts, Geraldine, 1924-",lcnaf,
"Roberts, Helen Martindale.",lcnaf,
"Roberts, Joseph L., 1897-1977.",lcnaf,
"Roberts, Kenneth Lewis, 1885-1957.",lcnaf,http://id.loc.gov/authorities/names/n50048902
"Roberts, Lillian, 1928-",lcnaf,
"Roberts, Owen J. (Owen Josephus), 1875-1955.",lcnaf,http://id.loc.gov/authorities/names/n88277341
"Roberts, Roy.",lcnaf,
"Roberts, Thomas Brockway.",lcnaf,
"Robertson, Charles.",lcnaf,
"Robertson, James Alexander, 1873-1939.",lcnaf,http://id.loc.gov/authorities/names/n50049038
"Robertson, James H. (James Holman), 1915-",lcnaf,
"Robertson, Jno. (John), 1814-1887.",lcnaf,http://id.loc.gov/authorities/names/n88675632
"Robertson, Pat.",lcnaf,
"Robertson, Wishart McLea, 1891-1967",lcnaf,http://id.loc.gov/authorities/names/no2009001671
"Robeson, Kathryn A.",lcnaf,
"Robins, F. George.",lcnaf,
"Robinson, C. J.",lcnaf,
"Robinson, Corinne Roosevelt, 1861-1933.",lcnaf,http://id.loc.gov/authorities/names/n86025987
"Robinson, David Moore, 1880-1958.",lcnaf,http://id.loc.gov/authorities/names/n90663230
"Robinson, Dolly Lowther.",lcnaf,
"Robinson, Edgar Eugene, 1887-1977",lcnaf,http://id.loc.gov/authorities/names/n50049157
"Robinson, Hubert Nelson, 1909-",lcnaf,
"Robinson, James Harvey, 1863-1936.",lcnaf,http://id.loc.gov/authorities/names/n50048998
"Robinson, Jay L., 1932-",lcnaf,http://id.loc.gov/authorities/names/n85144777
"Robinson, John Beverley, 1853-",lcnaf,
"Robinson, Remus, 1904-1970.",lcnaf,
"Robinson, Samuel S. (Samuel Stillman), 1824-1904.",lcnaf,
"Robinson, William Dodd, 1911-1988.",lcnaf,
"Roby, Douglas F. (Douglas Fergusson), 1898-1992.",lcnaf,
"Rockefeller, David, 1915-",lcnaf,http://id.loc.gov/authorities/names/n86825319
"Rockefeller, John D. (John Davison), 1839-1937.",lcnaf,http://id.loc.gov/authorities/names/n79095196
"Rockefeller, John D. (John Davison), 1874-1960.",lcnaf,http://id.loc.gov/authorities/names/n84042461
"Rockefeller, Laurance Spelman.",lcnaf,
"Rockefeller, Nelson A. (Nelson Aldrich), 1908-1979.",lcnaf,http://id.loc.gov/authorities/names/n50049079
"Rockefeller, Winthrop, 1912-1973.",lcnaf,http://id.loc.gov/authorities/names/n90693322
"Rockey, Keller E.",lcnaf,
"Rockwell, George Lincoln, 1918-1967.",lcnaf,http://id.loc.gov/authorities/names/n79055074
"Rockwell, Norman, 1894-1978.",lcnaf,http://id.loc.gov/authorities/names/n79039542
"Rodeheaver, Homer A. (Homer Alvan), 1880-1955.",lcnaf,http://id.loc.gov/authorities/names/n85266308
"Rodgers, Curtis E.",lcnaf,
"Rodgers, George Washington, 1787-1832.",lcnaf,
"Rodgers, Patricia.",lcnaf,
"Roe, Jerry D., 1936-",lcnaf,
"Roethke, Theodore, 1908-1963.",lcnaf,http://id.loc.gov/authorities/names/n79060436
"Rogers, Abigail C., 1818-1869.",lcnaf,
"Rogers, Edward Sidney, 1875-1949.",lcnaf,
"Rogers, Felix J., 1947-",lcnaf,
"Rogers, Ginger, 1911-1995",lcnaf,http://id.loc.gov/authorities/names/n50048014
"Rogers, Henry Wade, 1853-1926.",lcnaf,http://id.loc.gov/authorities/names/no91009885
"Rogers, J. Speed (James Speed), 1892-1955",lcnaf,http://id.loc.gov/authorities/names/no00039450
"Rogers, Lindbergh.",lcnaf,
"Rogers, Randolph, 1825-1892.",lcnaf,http://id.loc.gov/authorities/names/n88277515
"Rogers, Roy, 1911-1998",lcnaf,http://id.loc.gov/authorities/names/n80001487
"Rogers, Vivian.",lcnaf,
"Rogers, Will, 1911-1993",lcnaf,http://id.loc.gov/authorities/names/n93017167
"Rogers, William P. (William Pierce), 1913-2001",lcnaf,http://id.loc.gov/authorities/names/n50048035
"Rogge, O. John (Oetje John), 1903-1981",lcnaf,http://id.loc.gov/authorities/names/no95038664
"Rohan, Arthur E., 1891-",lcnaf,
"Roijen, J. H. van (Jan Herman)",lcnaf,
"Roland, James A., 1911-",lcnaf,
"Rolfe, John Carew, 1859-1943.",lcnaf,http://id.loc.gov/authorities/names/n86852297
"Rolland, Ivan.",lcnaf,
"Rolvaag, Karl F., 1913-1990",lcnaf,http://id.loc.gov/authorities/names/n80136028
"Romanes, George John, 1848-1894.",lcnaf,http://id.loc.gov/authorities/names/n83825051
"Romani, John Henry, 1925-",lcnaf,
"Romer, Alfred Sherwood, 1894-1973.",lcnaf,http://id.loc.gov/authorities/names/n79145193
"Romer, Harry, 1895-1953.",lcnaf,
"Rominger, Carl Ludwig, 1820-1907.",lcnaf,
"Rominger, Frederika, 1826-1914.",lcnaf,
"Rominger, Julia.",lcnaf,
"Rominger, Louis, 1859-1936.",lcnaf,
"Romney, George W., 1907-",lcnaf,
"Romney, George W., 1907-1995.",lcnaf,http://id.loc.gov/authorities/names/n50048290
"Romney, Lenore LaFount.",lcnaf,
"Romney, Mitt.",lcnaf,http://id.loc.gov/authorities/names/nr95017857
"Romulo, Carlos P. (Carlos Peña), 1899-1985.",lcnaf,
"Romulo, Carlos P. (Carlos Peóna), 1899-1985.",lcnaf,
"Rood, John R. (John Romain), b. 1868.",lcnaf,
"Roosevelt, Amy.",lcnaf,
"Roosevelt, Anna Curtenius.",lcnaf,http://id.loc.gov/authorities/names/n79115057
"Roosevelt, Dorothy Kemp, 1899?-1985.",lcnaf,http://id.loc.gov/authorities/names/n91045108
"Roosevelt, Eleanor, 1884-1962.",lcnaf,http://id.loc.gov/authorities/names/n79144645
"Roosevelt, Elliott, 1910-1990",lcnaf,http://id.loc.gov/authorities/names/n50048408
"Roosevelt, Franklin D. (Franklin Delano), 1882-1945.",lcnaf,http://id.loc.gov/authorities/names/n79022932
"Roosevelt, Franklin D. (Franklin Delano), 1914-1988.",lcnaf,http://id.loc.gov/authorities/names/n88222921
"Roosevelt, G. Hall.",lcnaf,
"Roosevelt, James, 1907-1991",lcnaf,http://id.loc.gov/authorities/names/n80017801
"Roosevelt, Janet.",lcnaf,
"Roosevelt, Kermit, 1889-1943.",lcnaf,http://id.loc.gov/authorities/names/no88000115
"Roosevelt, Nicholas, 1893-1982",lcnaf,http://id.loc.gov/authorities/names/n89620430
"Roosevelt, Robert Barnwell, 1829-1906.",lcnaf,http://id.loc.gov/authorities/names/n84162084
"Roosevelt, Theodore, 1858-1919.",lcnaf,http://id.loc.gov/authorities/names/n79027239
"Roosevelt, Theodore, 1887-1944.",lcnaf,http://id.loc.gov/authorities/names/n86025992
"Root, Elihu, 1845-1937.",lcnaf,http://id.loc.gov/authorities/names/n50048409
"Root, William, 1867-1932.",lcnaf,
"Roper, Daniel C.",lcnaf,
"Roper, Richard F.",lcnaf,
"Rose, David Kenneth, 1902-1963.",lcnaf,
"Rose, David S., b. 1856.",lcnaf,
"Rose, Henry Martin, b. 1858.",lcnaf,
"Rose, John Holland, 1855-1942.",lcnaf,http://id.loc.gov/authorities/names/n50075857
"Rose, Preston Benjamin, 1834-1912.",lcnaf,
"Rosenberg, Anna M., 1902-",lcnaf,
"Rosenberg, Ethel, 1915-1953.",lcnaf,http://id.loc.gov/authorities/names/n50048377
"Rosenberg, Julius, 1918-1953.",lcnaf,http://id.loc.gov/authorities/names/n50048380
"Rosencrans, William Starke, 1819-1898.",lcnaf,
"Rosenman, Samuel I. (Samuel Irving), 1896-1973.",lcnaf,http://id.loc.gov/authorities/names/n79055339
"Rosenthal, Lessing, 1868-1949.",lcnaf,http://id.loc.gov/authorities/names/n85204890
"Rosenwald, Julius, 1862-1932.",lcnaf,http://id.loc.gov/authorities/names/n84168464
"Rosinger, Lawrence K. (Lawrence Kaelter), 1915-",lcnaf,http://id.loc.gov/authorities/names/no95041513
"Ross, Arthur M., 1916-1970.",lcnaf,http://id.loc.gov/authorities/names/n50047449
"Ross, C. Howard, 1890-1980.",lcnaf,
"Ross, Denman Waldo, 1853-1935.",lcnaf,http://id.loc.gov/authorities/names/nr97041458
"Ross, Douglas, 1942-",lcnaf,
"Ross, Edward Alsworth, 1866-1951.",lcnaf,
"Ross, Gilbert, 1903-",lcnaf,
"Ross, Harry, 1900-",lcnaf,
"Ross, Linda.",lcnaf,
"Ross, Robert.",lcnaf,
"Ross, Ronald, Sir, 1857-1932.",lcnaf,
"Ross, Solomon David.",lcnaf,
"Rossen, Sanford, 1927-1984.",lcnaf,
"Rossini, Frederick D. (Frederick Dominic), 1899-",lcnaf,http://id.loc.gov/authorities/names/n83825961
"Rossiter, Richard Alfred, d. 1977.",lcnaf,
"Rosten, Leo, 1908-1997",lcnaf,http://id.loc.gov/authorities/names/n80051100
"Rostow, W. W. (Walt Whitman), 1916-2003",lcnaf,http://id.loc.gov/authorities/names/n79100860
"Roth, Filibert, 1858-1925.",lcnaf,http://id.loc.gov/authorities/names/no2006038285
"Roth, Fred G.",lcnaf,
"Roth, Linda Gage, 1873-1944.",lcnaf,
"Roth, Stephen J.",lcnaf,http://id.loc.gov/authorities/names/n87815580
"Roth, Stephen John, 1908-",lcnaf,
"Rothman, Ruth Kahn.",lcnaf,
"Rothschild, Sigmund, 1837-1907.",lcnaf,
"Rous, Peyton, 1879-1970.",lcnaf,http://id.loc.gov/authorities/names/n97120425
"Rouse, Irving, 1913-2006",lcnaf,http://id.loc.gov/authorities/names/n79106006
"Rouse, Steve.",lcnaf,http://id.loc.gov/authorities/names/n96053461
"Rousselot, John H.",lcnaf,http://id.loc.gov/authorities/names/n88172289
"Roux, Pierre Paul Emile, 1853-1933.",lcnaf,http://id.loc.gov/authorities/names/n84805383
"Rowe, Carrie Jackson.",lcnaf,
"Rowe, Grant.",lcnaf,
"Rowe, James Delos, 1838-1925.",lcnaf,
"Rowe, Kenneth Thorpe, 1900-",lcnaf,http://id.loc.gov/authorities/names/no2008131820
"Rowe, Kenneth Thorpe, 1900-1988",lcnaf,http://id.loc.gov/authorities/names/no2008131820
"Rowe, Leo S., 1871-1946.",lcnaf,http://id.loc.gov/authorities/names/n88071293
"Rowe, Stuart H.",lcnaf,
"Rowe, Thomas Dudley, 1910-",lcnaf,
"Rowry, Ezra.",lcnaf,
"Roxas, Manuel.",lcnaf,
"Royce, Ceswell.",lcnaf,
"Royce, Frank, 1881-",lcnaf,
"Royce, Lewis.",lcnaf,
"Rubin, Gayle.",lcnaf,
"Rubin, Jerry.",lcnaf,http://id.loc.gov/authorities/names/n50022680
"Rubin, Lawrence A., 1912-",lcnaf,http://id.loc.gov/authorities/names/n85025934
"Rubinstein, Anton, 1829-1894.",lcnaf,http://id.loc.gov/authorities/names/n80145026
"Rucknagel, Donald L.",lcnaf,http://id.loc.gov/authorities/names/n85279418
"Rufus, Will Carl, 1876-1946.",lcnaf,http://id.loc.gov/authorities/names/n89671991
"Rugen, Mabel E.",lcnaf,http://id.loc.gov/authorities/names/n88634323
"Rugg, Harold Ordway, 1886-1960.",lcnaf,http://id.loc.gov/authorities/names/n50023507
"Rugg, Winnifred King.",lcnaf,http://id.loc.gov/authorities/names/n95008727
"Ruggles, Charles, 1846-1930.",lcnaf,
"Ruggles, Glenn.",lcnaf,http://id.loc.gov/authorities/names/n85814321
"Ruhl, H. D.",lcnaf,
"Ruhman, Jean Hull.",lcnaf,
"Rumely, Edward A. (Edward Aloysius), 1882-1964",lcnaf,http://id.loc.gov/authorities/names/n85812373
"Ruml, Beardsley, 1894-1960",lcnaf,http://id.loc.gov/authorities/names/no96056990
"Rupert, Hoover.",lcnaf,
"Ruppe, Philip E.",lcnaf,
"Ruppe, Philip E., 1926-",lcnaf,
"Rusch, Wilbert H.",lcnaf,
"Rushdie, Salman.",lcnaf,http://id.loc.gov/authorities/names/n80146294
"Rushdie, Salman.Satanic verses.",lcnaf,
"Rushton, Herbert J., 1877-1947.",lcnaf,http://id.loc.gov/authorities/names/no2009002361
"Rusk, Dean, 1909-1994",lcnaf,http://id.loc.gov/authorities/names/n80013000
"Russel, Henry, 1852-1920.",lcnaf,
"Russell, Anton.",lcnaf,
"Russell, Bertrand, 1872-1970.",lcnaf,http://id.loc.gov/authorities/names/n79056054
"Russell, Carl A.",lcnaf,
"Russell, Charles Edward, 1860-1941.",lcnaf,http://id.loc.gov/authorities/names/n50022289
"Russell, Diarmuid.",lcnaf,
"Russell, Dorothy.",lcnaf,
"Russell, Henry Norris, 1877-1957.",lcnaf,http://id.loc.gov/authorities/names/n86866447
"Russell, Howard H. (Howard Hyde), 1855-1946.",lcnaf,http://id.loc.gov/authorities/names/nr94013254
"Russell, Howard. H., 1855-1946",lcnaf,
"Russell, Israel C. (Israel Cook), 1852-1906.",lcnaf,http://id.loc.gov/authorities/names/n87804246
"Russell, James E. (James Earl), 1864-1945",lcnaf,http://id.loc.gov/authorities/names/no97000820
"Russell, Joseph A.",lcnaf,
"Russell, Kathleen.",lcnaf,
"Russell, Rhoda Reddig, d. 1985.",lcnaf,
"Russell, Richard B. (Richard Brevard), 1897-1971.",lcnaf,http://id.loc.gov/authorities/names/n85137023
"Russell, William Howard, Sir, 1820-1907.",lcnaf,http://id.loc.gov/authorities/names/n50036052
"Russo, Paul, 1908-",lcnaf,
"Rustin, Bayard, 1912-1987.",lcnaf,http://id.loc.gov/authorities/names/n87809562
"Ruswick, Frank.",lcnaf,
"Rutherford, Ernest, 1871-1937.",lcnaf,http://id.loc.gov/authorities/names/n50024959
"Rutherford, Frances A., 1842-1922.",lcnaf,
"Ruthledge, William P., 1869-",lcnaf,
"Ruthven, Alexander Grant, 1882-",lcnaf,
"Ruthven, Alexander Grant, 1882-1971.",lcnaf,http://id.loc.gov/authorities/names/n87828171
"Rutledge, Wiley Blount, 1894-1949.",lcnaf,
"Ryan, Charles Brady, 1886-1933.",lcnaf,
"Ryan, Harold Martin, 1911-",lcnaf,
"Ryder, Alfred G., 1841-1863.",lcnaf,
"Ryder, John E., 1843-1863.",lcnaf,
"Rynd, Charles, 1836-1884.",lcnaf,
"Röosch, Jean.",lcnaf,
"Saarinen, Eero, 1910-1961.",lcnaf,http://id.loc.gov/authorities/names/n50016251
"Saarinen, Eliel, 1873-1950.",lcnaf,http://id.loc.gov/authorities/names/n79027076
"Sacks, Andrew",lcnaf,
"Sadler, Herbert Charles, 1872-",lcnaf,
"Sadowski, George Gregory, 1903-1961.",lcnaf,
"Sadr, Mūsá.",lcnaf,
"Sadrach, Johnny.",lcnaf,
"Sadrack, Johnny.",lcnaf,http://id.loc.gov/authorities/names/no2006048140
"Safford, Ada Murray, 1877-1951.",lcnaf,
"Safford, Gertrude Sunderland, 1873-1967.",lcnaf,
"Safford, Homer Erwin, 1869-1933.",lcnaf,
"Safford, James Merrill, 1822-1907.",lcnaf,http://id.loc.gov/authorities/names/n89121503
"Safford, Mildred Hortense, 1901-",lcnaf,
"Safford, Winfield Scott, d.1863.",lcnaf,
"Sagan, Carl, 1934-1996",lcnaf,http://id.loc.gov/authorities/names/n79064998
"Sage, James A., b. 1836.",lcnaf,
"Sage, Samuel, 1905-",lcnaf,
"Sagendorph, Kent, 1902-1958",lcnaf,http://id.loc.gov/authorities/names/no2012125001
"Sager, Abram, 1810-1877.",lcnaf,
"Sager, Herb.",lcnaf,
"Sahorske, Frank J., 1897-",lcnaf,
"Said, Edward W.",lcnaf,http://id.loc.gov/authorities/names/n79054179
"Saier, Edward Herbert.",lcnaf,
"Saint Lusson, Simon François Daumont, sieur de, fl. 17th cent.",lcnaf,
"Saint-Gaudens, Homer, 1880-1958",lcnaf,http://id.loc.gov/authorities/names/n90652082
"Sakata, Koshiro.",lcnaf,
"Salchow, Hugo K.",lcnaf,
"Sales, Soupy.",lcnaf,http://id.loc.gov/authorities/names/n86006004
"Salinger, Pierre.",lcnaf,http://id.loc.gov/authorities/names/n50016587
"Salisbury, Harrison E. (Harrison Evans), 1908-1993",lcnaf,http://id.loc.gov/authorities/names/n79126972
"Salk, Jonas, 1914-1995.",lcnaf,http://id.loc.gov/authorities/names/n50017557
"Sallade, George Wahr, 1922-",lcnaf,
"Salmon, Lucy Maynard, 1853-1927.",lcnaf,http://id.loc.gov/authorities/names/no97037365
"Salter, William Mackintire, 1853-1931.",lcnaf,http://id.loc.gov/authorities/names/n88681461
"Saltonstall, Leverett, 1892-1979",lcnaf,http://id.loc.gov/authorities/names/n50020503
"Salvatore, Nick, 1943-",lcnaf,
"Sample, George Washington, 1868-1945.",lcnaf,
"Sample, S. W.",lcnaf,
"Sampson, Frederick G. (Frederick George), 1928-2001.",lcnaf,http://id.loc.gov/authorities/names/no2007038314
"San Martín, José de, 1778-1850.",lcnaf,
"Sana, Josephine M.",lcnaf,http://id.loc.gov/authorities/names/n82118552
"Sanborn, F. B. (Franklin Benjamin), 1831-1917.",lcnaf,http://id.loc.gov/authorities/names/n79045501
"Sancton, Thomas Wolfe, 1915-",lcnaf,
"Sandalow, Terrance, 1934-",lcnaf,http://id.loc.gov/authorities/names/n82153768
"Sandburg, Carl, 1878-1967.",lcnaf,http://id.loc.gov/authorities/names/n79011105
"Sanders, Henry A. (Henry Arthur), 1868-1956.",lcnaf,http://id.loc.gov/authorities/names/n87113626
"Sanders, Walter, 1906-1972.",lcnaf,
"Sanderson, Harvey.",lcnaf,
"Sandler, Bernice Resnick.",lcnaf,http://id.loc.gov/authorities/names/n80048340
"Sands, Louis, 1825-1905.",lcnaf,
"Sands, Richard H.",lcnaf,
"Sanford, Arthur Hawley, 1882-1959",lcnaf,http://id.loc.gov/authorities/names/n79054294
"Sanford, Daniel Sammis, 1859-1936.",lcnaf,
"Sanford, Terry, 1917-1998",lcnaf,http://id.loc.gov/authorities/names/n81003478
"Sanger, Margaret, 1879-1966.",lcnaf,http://id.loc.gov/authorities/names/n50019793
"Sankey, Ira David, 1840-1908.",lcnaf,http://id.loc.gov/authorities/names/n85185631
"Sano, Joseph K.",lcnaf,
"Santanyana, George, 1863-1952.",lcnaf,
"Santayana, George, 1863-1952.",lcnaf,http://id.loc.gov/authorities/names/n79043580
"Santos, Beinvenido N.",lcnaf,
"Sapir, Edward, 1884-1939.",lcnaf,http://id.loc.gov/authorities/names/n50017361
"Sareini, Suzanne.",lcnaf,
"Sarett, Lew, 1888-1954.",lcnaf,http://id.loc.gov/authorities/names/n88218785
"Sargeant, Ellen Maude.",lcnaf,
"Sargent, Francis.",lcnaf,
"Sargent, John Garibaldi, 1860-1939.",lcnaf,http://id.loc.gov/authorities/names/n88154464
"Sargent, Noel Charrett, 1894-",lcnaf,
"Sargent, Walter, 1868-1929",lcnaf,http://id.loc.gov/authorities/names/no96040857
"Sarony, Napoleon, 1821-1896.",lcnaf,http://id.loc.gov/authorities/names/n78013169
"Saroyan, William, 1908-1981",lcnaf,http://id.loc.gov/authorities/names/n78095781
"Sarri, Rosemary C.",lcnaf,http://id.loc.gov/authorities/names/n50015596
"Sarton, George, 1884-1956.",lcnaf,http://id.loc.gov/authorities/names/n50019341
"Sartre, Jean Paul, 1905-1980.",lcnaf,http://id.loc.gov/authorities/names/n79106134
"Sass, Samuel, 1915-",lcnaf,
"Satterthwaite, Joseph C.",lcnaf,
"Satterthwaite, Joseph Charles, 1900-",lcnaf,
"Satterthwaite, Leroy.",lcnaf,
"Sauer, Carl Ortwin, 1889-1975",lcnaf,http://id.loc.gov/authorities/names/n80002532
"Sauerbruch, Ferdinand, 1875-1951.",lcnaf,http://id.loc.gov/authorities/names/n84804119
"Saunders, Carl M. (Carl Maxon), 1890-1974.",lcnaf,
"Saunders, Ed.",lcnaf,
"Savage, Minot Judson, 1841-1918.",lcnaf,http://id.loc.gov/authorities/names/no93006623
"Savage, Toy Dixon, 1878-1941.",lcnaf,
"Savery, Asahel.",lcnaf,
"Sawyer, Alfred Isaac, 1828-1891.",lcnaf,
"Sawyer, Andrew Jackson, b. 1834.",lcnaf,
"Sawyer, Charles E., 1860-1924.",lcnaf,http://id.loc.gov/authorities/names/n2014031575
"Sawyer, Charles Henry, 1906-",lcnaf,http://id.loc.gov/authorities/names/n99833626
"Sawyer, Charles Henry, 1906-2005",lcnaf,
"Sawyer, Ernie H.",lcnaf,
"Sawyer, H. E.",lcnaf,
"Sawyer, Jenny Toll.",lcnaf,
"Sawyer, Ralph A. (Ralph Alanson), 1895-1978.",lcnaf,http://id.loc.gov/authorities/names/n85814346
"Sawyer, Thomas M. (Thomas Mitchell), 1917-2005",lcnaf,http://id.loc.gov/authorities/names/no2010036630
"Sawyer, Thomas Mitchell, 1917-",lcnaf,
"Sawyer, Walter H. (Walter Hulme), 1861-1931.",lcnaf,http://id.loc.gov/authorities/names/no2008183271
"Sax, Joseph L.",lcnaf,
"Saxe, Karl, 1892-",lcnaf,
"Saxon, Lyle, 1891-1946.",lcnaf,http://id.loc.gov/authorities/names/n83188308
"Saxton, Frieda.",lcnaf,
"Sayers, Joseph Draper, 1841-1929.",lcnaf,http://id.loc.gov/authorities/names/no2010083814
"Sayles, Alexander L., 1887-",lcnaf,
"Sayre, Francis Bowes, 1885-1972.",lcnaf,http://id.loc.gov/authorities/names/no89019986
"Sayre, John Nevin, 1884-1977.",lcnaf,http://id.loc.gov/authorities/names/n90662480
"Scanlon, Charles, 1869-1927.",lcnaf,http://id.loc.gov/authorities/names/no96065991
"Scattergood, Margaret, 1894-",lcnaf,
"Schaadt, Leonard A.",lcnaf,
"Schachter, Stanley, 1922-",lcnaf,
"Schachter, Stanley, 1922-1997",lcnaf,http://id.loc.gov/authorities/names/n85299075
"Schade, Clay Grimshaw.",lcnaf,
"Schaeffer, Mary F.",lcnaf,
"Schaff, Philip, 1819-1893.",lcnaf,http://id.loc.gov/authorities/names/n79073670
"Schaudinn, Fritz, 1871-1906.",lcnaf,http://id.loc.gov/authorities/names/n96019749
"Schauer, Charles Hawver, 1912-",lcnaf,
"Schell, Jonathan, 1943-2014",lcnaf,http://id.loc.gov/authorities/names/n50016049
"Schelling, Felix Emmanuel, 1858-1945.",lcnaf,http://id.loc.gov/authorities/names/n50016054
"Schembechler, Bo.",lcnaf,http://id.loc.gov/authorities/names/n50082736
"Schermerhorn, James, 1865-1942.",lcnaf,
"Schettlerly, Henry R.",lcnaf,
"Scheu, Clarence G.",lcnaf,
"Schevill, Ferdinand, 1868-1954.",lcnaf,http://id.loc.gov/authorities/names/n50077551
"Schickedanz, Forrest.",lcnaf,
"Schicker, Louis E., 1896?-1964.",lcnaf,
"Schilling, Walter, 1912-",lcnaf,
"Schim, Stephanie Myers--Leadership experiences of elder community health nurse leaders in Michigan.",lcnaf,
"Schim, Stephanie Myers.",lcnaf,
"Schimpke, Albert J., 1899-1985, collector",lcnaf,
"Schimpke, Albert J., 1899-1985.",lcnaf,
"Schipper, Howard D.",lcnaf,
"Schlafly, Fred.",lcnaf,
"Schlafly, Phyllis.",lcnaf,http://id.loc.gov/authorities/names/n79094543
"Schlanderer, Frances Knapp.",lcnaf,
"Schlenker, Martin.",lcnaf,
"Schlesinger, Arthur M., Jr. (Arthur Meier), 1917-2007",lcnaf,http://id.loc.gov/authorities/names/n50002711
"Schlesinger, Arthur Meier, 1888-1965.",lcnaf,http://id.loc.gov/authorities/names/n79007439
"Schley, Winfield Scott, 1839-1911.",lcnaf,http://id.loc.gov/authorities/names/n89125978
"Schmale, Theodore R., d. 1969",lcnaf,
"Schmeling, Evans S.",lcnaf,
"Schmid, Friedrich, 1807-1883",lcnaf,
"Schmidt, Carl Ernest, 1856-1934.",lcnaf,
"Schmidt, Harry, 1886-1968.",lcnaf,
"Schmidt, Jay Handler, 1891-",lcnaf,
"Schmitt, Bernadotte Everly, 1886-1969.",lcnaf,http://id.loc.gov/authorities/names/n50006744
"Schmitz, Henry, 1892-1965.",lcnaf,http://id.loc.gov/authorities/names/n87837231
"Schneidewind, Richard, 1876-1949.",lcnaf,
"Schnitzer, Robert C., 1906-",lcnaf,
"Schoenberg, Arnold, 1874-1951.",lcnaf,http://id.loc.gov/authorities/names/n80032780
"Schoenbrun, David.",lcnaf,http://id.loc.gov/authorities/names/n79116426
"Schoening, Robert W.",lcnaf,
"Schoening, Robert W., b. 1878.",lcnaf,
"Scholle, August, 1904-",lcnaf,http://id.loc.gov/authorities/names/n91061944
"Scholle, August, 1904-1972.",lcnaf,
"Schoolcraft, Henry Rowe, 1793-1864.",lcnaf,http://id.loc.gov/authorities/names/n50002814
"Schoolcraft, James L.",lcnaf,
"Schoolcraft, Jane Johnston, 1800-1842.",lcnaf,http://id.loc.gov/authorities/names/n97109778
"Schoonmaker, Augustus.",lcnaf,
"Schorger, William D.",lcnaf,
"Schrecker, Ellen.",lcnaf,http://id.loc.gov/authorities/names/n83201660
"Schreiber, Allan.",lcnaf,
"Schreiber, Nicholas.",lcnaf,
"Schriever, Bernard A.",lcnaf,http://id.loc.gov/authorities/names/n78090727
"Schroeder, John Charles, 1897-1954.",lcnaf,
"Schroeder, John Frederick, 1800-1857.",lcnaf,http://id.loc.gov/authorities/names/n88258650
"Schroeder, Mary Emily, 1912-1987.",lcnaf,
"Schulberg, Budd.",lcnaf,http://id.loc.gov/authorities/names/n79045099
"Schuler, Hans.",lcnaf,
"Schuler, Win.",lcnaf,
"Schulz, Charles M.",lcnaf,
"Schumacher, Hazen J.",lcnaf,
"Schuman, Howard.",lcnaf,
"Schumpeter, Joseph Alois, 1883-1950.",lcnaf,http://id.loc.gov/authorities/names/n50003171
"Schurman, Jacob Gould, 1854-1942.",lcnaf,http://id.loc.gov/authorities/names/n81024695
"Schurz, Carl, 1829-1906.",lcnaf,http://id.loc.gov/authorities/names/n50003179
"Schuschnigg, Kurt, 1897-1977.",lcnaf,http://id.loc.gov/authorities/names/n86820716
"Schwab, Fred E.",lcnaf,
"Schwab, Fred E., 1918-2009.",lcnaf,
"Schwartz, Elliott, 1936-",lcnaf,http://id.loc.gov/authorities/names/n81018884
"Schwartz, Lloyd.",lcnaf,
"Schwartz, Sherwood.",lcnaf,
"Schwartz-Buys, E.",lcnaf,
"Schwarz, Fred, 1913-",lcnaf,http://id.loc.gov/authorities/names/n79084722
"Schwarz, J. E., 1799-1858.",lcnaf,
"Schwarz, John J. H.",lcnaf,
"Schweitzer, Albert, 1875-1965.",lcnaf,http://id.loc.gov/authorities/names/n79090055
"Schwellenbach, Lewis Baxter, 1894-1948.",lcnaf,http://id.loc.gov/authorities/names/n86071759
"Schwendener, Hattie A., 1858-1942.",lcnaf,
"Schwenk, Thomas L.",lcnaf,http://id.loc.gov/authorities/names/n84185378
"Schwenkmeyer, Frieda, 1901-",lcnaf,
"Schwimmer, Franciska, 1880-1963.",lcnaf,
"Schwimmer, Rosika, 1877-1948.",lcnaf,http://id.loc.gov/authorities/names/n90687544
"Sclater, Philip Lutley, 1829-1913.",lcnaf,http://id.loc.gov/authorities/names/n85085981
"Scobey, David M., 1954-",lcnaf,http://id.loc.gov/authorities/names/n2001093411
"Scott, Dred, 1809-1858.",lcnaf,http://id.loc.gov/authorities/names/n79032930
"Scott, Frank Douglas, 1878-1951.",lcnaf,http://id.loc.gov/authorities/names/no2008048748
"Scott, Fred Newton",lcnaf,
"Scott, Fred Newton, 1860-1931.",lcnaf,http://id.loc.gov/authorities/names/n50003979
"Scott, Georgia Jackson.",lcnaf,
"Scott, Hugh, 1900-1994",lcnaf,http://id.loc.gov/authorities/names/n50003968
"Scott, Jessie.",lcnaf,
"Scott, John A.",lcnaf,
"Scott, S. Morley.",lcnaf,
"Scott, Walter Dill, 1869-1955.",lcnaf,http://id.loc.gov/authorities/names/n85235403
"Scott, Walter Quincy.",lcnaf,
"Scranton, Myron W.",lcnaf,
"Scranton, William Warren, 1917-2013",lcnaf,http://id.loc.gov/authorities/names/n80104702
"Scribner, Charles, 1854-1930.",lcnaf,http://id.loc.gov/authorities/names/n85185652
"Scribner, Charles, Jr., 1921-1995",lcnaf,http://id.loc.gov/authorities/names/n82013184
"Scripps, Edward Wyllis, 1909-",lcnaf,
"Scripps, George H., d. 1900.",lcnaf,
"Scripps, James E. (James Edmund), 1835-1906.",lcnaf,
"Scripps, William Edmund, 1882-1952.",lcnaf,http://id.loc.gov/authorities/names/no2009004739
"Scudder, Myron Tracy, 1860-1935.",lcnaf,http://id.loc.gov/authorities/names/n90646404
"Seaborg, Glenn T. (Glenn Theodore), 1912-1999",lcnaf,http://id.loc.gov/authorities/names/n50004895
"Seabrook, William, b. 1887.",lcnaf,
"Seabury, Samuel, 1873-1958.",lcnaf,http://id.loc.gov/authorities/names/n79021172
"Seage, Henry Stark, d. 1899.",lcnaf,
"Seager, Allan, 1906-1968.",lcnaf,http://id.loc.gov/authorities/names/n83020792
"Sealby, Inman, 1862-",lcnaf,
"Seaman, Ezra C. (Ezra Champion), 1805-1880.",lcnaf,http://id.loc.gov/authorities/names/n88002972
"Searing, Sarah.",lcnaf,
"Sears, John.",lcnaf,
"Seashore, Carl E. (Carl Emil), 1866-1949.",lcnaf,http://id.loc.gov/authorities/names/nr89004162
"Seashore, Stanley E. (Stanley Emanuel), 1915-",lcnaf,http://id.loc.gov/authorities/names/n83020789
"Seaton, John Lawrence, 1873-",lcnaf,
"Sebastian, James R.",lcnaf,
"Sebrell, W. H. (William Henry), 1901-1992",lcnaf,http://id.loc.gov/authorities/names/n81124708
"Secor, Lella Faye, d. 1966.",lcnaf,
"Sedgwick, Ellery, 1872-1960.",lcnaf,http://id.loc.gov/authorities/names/n88222555
"Sedgwick, W. T. (William Thompson), 1855-1921.",lcnaf,http://id.loc.gov/authorities/names/n85801937
"Sedler, Robert Allen.",lcnaf,http://id.loc.gov/authorities/names/n85363475
"Seeger, Pete, 1919-2014",lcnaf,http://id.loc.gov/authorities/names/n50006375
"Seeger, Raymond John, 1906-",lcnaf,http://id.loc.gov/authorities/names/n50005388
"Seeley, Halstead H.",lcnaf,
"Segal, Bonnie, 1916-1976.",lcnaf,
"Seger, Bob.",lcnaf,http://id.loc.gov/authorities/names/n87103554
"Segura, Manuel F.",lcnaf,http://id.loc.gov/authorities/names/n96901857
"Seitz, Frederick, 1911-",lcnaf,
"Seligman, Edwin Robert Anderson, 1861-1939.",lcnaf,http://id.loc.gov/authorities/names/n50005896
"Selkirk, James, 1790-1877.",lcnaf,
"Sellars, Helen Maud.",lcnaf,
"Sellars, Roy Wood, 1880-",lcnaf,
"Sellars, Roy Wood, 1880-1973",lcnaf,http://id.loc.gov/authorities/names/n50006525
"Sellery, George C. (George Clarke), 1872-",lcnaf,http://id.loc.gov/authorities/names/n85826847
"Selmon, Bertha Eugenia Loveland, 1877-1949.",lcnaf,
"Seni Pramoj, M. R., 1905-",lcnaf,
"Senier, Alfred, d. 1918.",lcnaf,
"Senseney, George Eyster, 1874-1943.",lcnaf,
"Sergent, Emile, 1867-1943.",lcnaf,http://id.loc.gov/authorities/names/no2008081512
"Serra, Rudy.",lcnaf,
"Seth, James, 1860-1924.",lcnaf,http://id.loc.gov/authorities/names/n88651134
"Sewall, Henry, 1855-1936.",lcnaf,http://id.loc.gov/authorities/names/n84803218
"Sewall, Lucy Ellen, 1837-1890.",lcnaf,
"Seward, William Henry, 1839-1920.",lcnaf,http://id.loc.gov/authorities/names/no2006113456
"Sewell, John.",lcnaf,
"Sexton, Kripp.",lcnaf,
"Sexton, Mary.",lcnaf,
"Seymour, Charles, 1885-1963.",lcnaf,http://id.loc.gov/authorities/names/n50002509
"Seymour, James.",lcnaf,
"Seymour, Jane, 1951-",lcnaf,http://id.loc.gov/authorities/names/n81075523
"Sforza, Carlo, conte, 1872-1952.",lcnaf,http://id.loc.gov/authorities/names/n82134292
"Shackleton, James M., 1896-",lcnaf,
"Shaeberle, John Martin.",lcnaf,
"Shafer, John C.",lcnaf,
"Shafer, Paul W. (Paul Werntz), 1893-1954.",lcnaf,http://id.loc.gov/authorities/names/n87870665
"Shafer, Paul Werntz, 1893-1954.",lcnaf,http://id.loc.gov/authorities/names/n87870665
"Shaffer, Leo D.",lcnaf,
"Shafroth, Morrison.",lcnaf,
"Shafter, William Rufus, 1835-1906.",lcnaf,http://id.loc.gov/authorities/names/n88247240
"Shakespeare, William, 1564-1616--Titus Andronicus.",lcnaf,
"Shakespeare, William, 1564-1616.",lcnaf,http://id.loc.gov/authorities/names/n78095332
"Shakespeare, William, d. 1950.",lcnaf,
"Shane, Charles Donald, 1895-1983",lcnaf,http://id.loc.gov/authorities/names/n2011018878
"Shapiro, Harold T., 1935-",lcnaf,http://id.loc.gov/authorities/names/n84041141
"Shapiro, Rose.",lcnaf,http://id.loc.gov/authorities/names/n87905027
"Shapiro, Samuel.",lcnaf,
"Shapiro, Vivian.",lcnaf,http://id.loc.gov/authorities/names/nr91008213
"Shapley, Harlow, 1885-1972.",lcnaf,http://id.loc.gov/authorities/names/n50022197
"Sharfman, I. Leo (Isaiah Leo), 1886-",lcnaf,
"Sharfman, I. Leo (Isaiah Leo), 1886-1969",lcnaf,http://id.loc.gov/authorities/names/n85808776
"Sharkey, Reginald, 1913-",lcnaf,
"Sharkey, Reginald, 1913-2005.",lcnaf,
"Sharp, Alexander Jefferson.",lcnaf,
"Sharpe, Edward M., 1887-",lcnaf,
"Sharpe, Nelson, 1858-1935.",lcnaf,
"Sharpe, Richard Bowdler.",lcnaf,
"Shartel, Burke, 1889-1967",lcnaf,
"Shartel, Burke, 1889-1968",lcnaf,http://id.loc.gov/authorities/names/n87895282
"Shattuck, Henry Lee, 1879-1971.",lcnaf,http://id.loc.gov/authorities/names/n96049616
"Shaw, Albert, 1857-1947.",lcnaf,http://id.loc.gov/authorities/names/n85158395
"Shaw, Alexander, 1854-1892.",lcnaf,
"Shaw, Bernard, 1856-1950.",lcnaf,http://id.loc.gov/authorities/names/n79006533
"Shaw, Brackley, b. 1818.",lcnaf,
"Shaw, Gardiner Howland, 1893-1965",lcnaf,http://id.loc.gov/authorities/names/no2008173527
"Shaw, Horatio Watson, 1822-1910.",lcnaf,
"Shaw, Horatio Watson, 1847-1918.",lcnaf,
"Shaw, Leslie Mortier, 1848-1932.",lcnaf,http://id.loc.gov/authorities/names/n88244856
"Shaw, Mark Revell, 1889-",lcnaf,http://id.loc.gov/authorities/names/n90690301
"Shaw, Milton, 1889-1977.",lcnaf,
"Shaw, Paula A.",lcnaf,
"Shaw, Wilfred B., 1880-1959.",lcnaf,
"Shaw, Wilfred Byron, 1881-1959.",lcnaf,
"Shaw, William, 1851-1932.",lcnaf,
"Shawcross, Hartly, 1902-",lcnaf,
"Shay, Ephraim, 1839-1916.",lcnaf,http://id.loc.gov/authorities/names/nr95007285
"Shearer, James, 1823-1896.",lcnaf,
"Shearer, Jonathan, 1796-1881.",lcnaf,
"Sheean, Vincent, 1899-1975",lcnaf,http://id.loc.gov/authorities/names/n50022139
"Sheed, Wilfred.",lcnaf,
"Sheen, Fulton J. (Fulton John), 1895-1979.",lcnaf,http://id.loc.gov/authorities/names/n79084411
"Sheffield, Horace Linsey, 1916-",lcnaf,
"Sheldon, Carlos Douglas, 1840-1904.",lcnaf,
"Sheldon, Charles Monroe, 1857-1946.",lcnaf,http://id.loc.gov/authorities/names/n82094681
"Sheldon, E. M. (Electa Maria), 1817-1902.",lcnaf,http://id.loc.gov/authorities/names/n85116344
"Shelley, Howard, 1909-2003.",lcnaf,
"Shelley, Rebecca, 1887-1984.",lcnaf,http://id.loc.gov/authorities/names/n90722215
"Shelly, Edna.",lcnaf,
"Shelly, Florence.",lcnaf,
"Shelly, Paul.",lcnaf,
"Shelly, Will.",lcnaf,
"Shelly, William Alfred, 1854-1930.",lcnaf,
"Sheng, Bright, 1955-",lcnaf,http://id.loc.gov/authorities/names/nr91044004
"Sheng, Bright.",lcnaf,
"Shepard, John Frederick, 1881-1965.",lcnaf,
"Shepard, Odell, 1884-1967.",lcnaf,http://id.loc.gov/authorities/names/n50023031
"Shepherd, Clara Sargent.",lcnaf,
"Shepherd, George W.",lcnaf,http://id.loc.gov/authorities/names/n50023039
"Sheppard, Glen, 1936-",lcnaf,http://id.loc.gov/authorities/names/n92082117
"Sheppard, Morris, 1875-1941.",lcnaf,http://id.loc.gov/authorities/names/n99830339
"Sheridan, George Augustus, 1840-1896.",lcnaf,
"Sherlock, Robert Henry.",lcnaf,
"Sherman, James Schoolcraft, 1855-1912.",lcnaf,http://id.loc.gov/authorities/names/n89626569
"Sherman, John, 1823-1900.",lcnaf,http://id.loc.gov/authorities/names/n50023075
"Sherwood, Benjamin West.",lcnaf,
"Sherzer, Allen F.",lcnaf,
"Sherzer, W. H. (William Hittell), 1860-1932.",lcnaf,http://id.loc.gov/authorities/names/no2002009556
"Shetland, Margaret L.",lcnaf,http://id.loc.gov/authorities/names/n2003088652
"Shetterly, Seth K., b. 1820.",lcnaf,
"Shettler, Reuben.",lcnaf,
"Shevchenko, Taras, 1814-1861.",lcnaf,http://id.loc.gov/authorities/names/n79119044
"Shibata, Shingo, 1930-",lcnaf,http://id.loc.gov/authorities/names/n81032392
"Shibley, George H. (George Henry), b. 1861.",lcnaf,
"Shiel, Francis C.",lcnaf,
"Shields, Edmund Claude, 1871-1947.",lcnaf,http://id.loc.gov/authorities/names/no2008161935
"Shields, Francis J.",lcnaf,
"Shields, Robert Hazen, 1905-",lcnaf,
"Shiels, W. Eugene (William Eugene), 1897-",lcnaf,http://id.loc.gov/authorities/names/no00071566
"Shier, Louise Adele, 1906-",lcnaf,http://id.loc.gov/authorities/names/no2003056497
"Shilson, Gilbert T., 1897-",lcnaf,
"Shipler, Guy Emery, 1881-",lcnaf,
"Shippen, Joseph, 1839-1923.",lcnaf,
"Shippen, Rush Rhees, b. 1828.",lcnaf,
"Shiras, George, 1859-1942.",lcnaf,http://id.loc.gov/authorities/names/no00082597
"Shirer, William L. (William Lawrence), 1904-1993.",lcnaf,http://id.loc.gov/authorities/names/n79054707
"Shirley, Joseph W.",lcnaf,http://id.loc.gov/authorities/names/no2007035515
"Shock, Nathan W. (Nathan Wetherill), 1906-1989",lcnaf,http://id.loc.gov/authorities/names/n79145511
"Shock, Nathan Wetherill, 1906-",lcnaf,
"Shook, Jacob, 1779-1862.",lcnaf,
"Shore, Dinah, 1917-1994.",lcnaf,http://id.loc.gov/authorities/names/n79072750
"Shortridge, Kathy.",lcnaf,
"Shorts, Robert P. (Robert Perry), 1879-1975",lcnaf,http://id.loc.gov/authorities/names/no2008183285
"Shortt, James.",lcnaf,http://id.loc.gov/authorities/names/n85110541
"Shotwell, Ambrose Milton, 1853-",lcnaf,
"Shotwell, James Thomson, 1874-1965.",lcnaf,http://id.loc.gov/authorities/names/n50022932
"Showers, Paul.",lcnaf,http://id.loc.gov/authorities/names/n50025900
"Shrady, Henry Merwin, 1871-1922.",lcnaf,http://id.loc.gov/authorities/names/n85158006
"Shrewsbury, Gary.",lcnaf,
"Shriver, Sargent, 1915-2011",lcnaf,http://id.loc.gov/authorities/names/n85185740
"Shryock, Richard Harrison, 1893-1972.",lcnaf,http://id.loc.gov/authorities/names/n79133740
"Shubrick, William Branford, 1790-1874.",lcnaf,http://id.loc.gov/authorities/names/n96020564
"Shufeldt, Robert W. (Robert Wilson), 1850-1934",lcnaf,http://id.loc.gov/authorities/names/n83825138
"Shuler, Robert Pierce, 1880-1966.",lcnaf,
"Shull, Aaron Franklin, 1881-1961.",lcnaf,
"Shurly, Burt Russell, 1871-",lcnaf,
"Shurly, E. R. P.",lcnaf,
"Shurtleff, Flavel, 1879-1978",lcnaf,http://id.loc.gov/authorities/names/nr95046322
"Shurtleff, Mary Belle, collector",lcnaf,
"Shute, Nevil, 1899-1960.",lcnaf,http://id.loc.gov/authorities/names/n50022830
"Sibelius, Jean, 1865-1957.",lcnaf,http://id.loc.gov/authorities/names/n79068399
"Sibley, James B.",lcnaf,
"Sibley, John Langdon, 1804-1885.",lcnaf,http://id.loc.gov/authorities/names/n82077095
"Sibley, Joseph.",lcnaf,
"Sicko, Dan.",lcnaf,http://id.loc.gov/authorities/names/n99005116
"Siebert, Wilbur Henry, 1866-1961.",lcnaf,http://id.loc.gov/authorities/names/n50024163
"Siegel, K. M. (Keeve Milton), 1923-",lcnaf,
"Siegrist, Bob.",lcnaf,
"Sifferath, N. L.",lcnaf,
"Sigler, Kim, 1894-",lcnaf,http://id.loc.gov/authorities/names/n94056312
"Sigler, Kim, b. 1894.",lcnaf,
"Siglin, Dave.",lcnaf,
"Sikkema, Henry.",lcnaf,
"Sikkema, Ken, 1951-",lcnaf,
"Sill, John Mahelm Berry, 1831-1901.",lcnaf,
"Silliman, Benjamin, 1816-1885.",lcnaf,http://id.loc.gov/authorities/names/n79127003
"Silver, Abiel, 1797-1881.",lcnaf,http://id.loc.gov/authorities/names/nr00013293
"Silvera, Frank, 1914-1970.",lcnaf,http://id.loc.gov/authorities/names/no92028290
"Silvers, Phil, 1911-1985.",lcnaf,http://id.loc.gov/authorities/names/n50031159
"Simmons, Henry M. (Henry Martyn), 1841-1905.",lcnaf,http://id.loc.gov/authorities/names/no89005840
"Simmons, Henry Martyn, b. 1841.",lcnaf,
"Simons, Bud, 1905-",lcnaf,
"Simons, Charles S.",lcnaf,
"Simpson, Charles Althen, 1896-1984.",lcnaf,
"Sinclair, Daniel.",lcnaf,
"Sinclair, John, 1941-",lcnaf,http://id.loc.gov/authorities/names/n85050309
"Sinclair, John, 1941--Trials, litigation, etc.",lcnaf,
"Sinclair, Leni, 1940-",lcnaf,
"Sinclair, Leni.",lcnaf,http://id.loc.gov/authorities/names/n88679798
"Sinclair, Mary P.",lcnaf,
"Sinclair, May.",lcnaf,http://id.loc.gov/authorities/names/n50023565
"Sinclair, Upton, 1878-1968.",lcnaf,http://id.loc.gov/authorities/names/n79127862
"Sinclair, William.",lcnaf,
"Siney, Marion Celestia, 1913-",lcnaf,
"Singer, Charles Joseph, 1876-1960.",lcnaf,http://id.loc.gov/authorities/names/n79054769
"Singer, Dorothea Waley.",lcnaf,
"Singer, Emily K.--University of Michigan Learning disabilities handbook for students, faculty and administration, 1991.",lcnaf,
"Singer, J. David (Joel David), 1925-",lcnaf,
"Singer, J. David (Joel David), 1925-2009",lcnaf,http://id.loc.gov/authorities/names/n79076600
"Singh, Hajom Kissor, 1865-1923.",lcnaf,
"Sink, Alva Joanna Gordon.",lcnaf,
"Sink, Charles A. (Charles Albert), 1879-1972.",lcnaf,http://id.loc.gov/authorities/names/no2008187792
"Sink, Charles A., collector.",lcnaf,
"Sink, Charles Albert, 1879-1972.",lcnaf,http://id.loc.gov/authorities/names/no2008187792
"Sioussat, St. George L. (St. George Leakin), 1878-1960.",lcnaf,http://id.loc.gov/authorities/names/n95108346
"Sirhan, Sirhan Bishara, 1944---Trials, litigation, etc.",lcnaf,
"Sittler, Edward L.",lcnaf,
"Sivil, Daniel Ross, 1940-1995.",lcnaf,
"Sjahrir, Sutan, 1909-1966.",lcnaf,http://id.loc.gov/authorities/names/n82158402
"Skellenger, Kenneth A.",lcnaf,
"Skillman, W. McKay, 1894-",lcnaf,
"Skousen, Cleon.",lcnaf,
"Slater, Kenneth.",lcnaf,
"Slatford, Hannah, 1796 or 97-1872.",lcnaf,
"Slatford, Job, 1795-1851.",lcnaf,
"Slatford, John, b. 1817.",lcnaf,
"Slavens, Thomas P., 1928-",lcnaf,http://id.loc.gov/authorities/names/n81079891
"Slayton, Abbie Cyrena, 1884-",lcnaf,
"Slayton, Asa Walker, 1830-",lcnaf,
"Slayton, Augustus W., 1843-1900.",lcnaf,
"Slayton, Chester M., b. 1835.",lcnaf,
"Slayton, George A., b. 1847.",lcnaf,
"Slayton, George Francis, 1877-1940.",lcnaf,
"Slayton, Helen Elizabeth.",lcnaf,
"Slayton, Julia A.",lcnaf,
"Slayton, Sarah Abby Dunn, 1853-1926.",lcnaf,
"Slayton, Sarah Augusta, 1886-",lcnaf,
"Slayton, William C., b. 1823.",lcnaf,
"Slayton, William H.",lcnaf,
"Slayton, William Iambert, 1844-1863.",lcnaf,
"Sleeper, Albert E., 1862-1934.",lcnaf,http://id.loc.gov/authorities/names/no2008187860
"Slichter, Sumner H. (Sumner Huber), 1892-1959.",lcnaf,http://id.loc.gov/authorities/names/n81018387
"Sligh, Charles R., Jr. (Charles Robert), 1906-1997",lcnaf,http://id.loc.gov/authorities/names/no2008098165
"Sligh, Charles Robert, 1850-1927.",lcnaf,
"Sligh, James May, 1844-1921.",lcnaf,
"Sligh, James Wilson, 1821-1863.",lcnaf,
"Sligh, Mary Stowell Conger, 1854-1903.",lcnaf,
"Sligh, Robert Burns, 1856-1879.",lcnaf,
"Sligh, Robert Lewis, 1928-2012.",lcnaf,
"Sloan, Alfred P. (Alfred Pritchard), 1875-1966.",lcnaf,http://id.loc.gov/authorities/names/n89115529
"Sloan, Alfred Pritchard, 1875-1966.",lcnaf,http://id.loc.gov/authorities/names/n89115529
"Sloan, Herbert, 1914-",lcnaf,http://id.loc.gov/authorities/names/n00120652
"Sloan, Herbert.",lcnaf,
"Slocum, William W., 1891-",lcnaf,
"Slossen, Preston William, 1892-",lcnaf,
"Slosson, Edwin Emery, 1865-1929.",lcnaf,http://id.loc.gov/authorities/names/n50012580
"Slosson, Preston W. (Preston William), 1892-",lcnaf,
"Slosson, Preston W. (Preston William), 1892-1984",lcnaf,http://id.loc.gov/authorities/names/n83183856
"Slottow, Timothy P.",lcnaf,
"Sluis, Jost.",lcnaf,
"Slusser, Jean Paul, 1886-",lcnaf,
"Slusser, Jean Paul, 1886-1981",lcnaf,http://id.loc.gov/authorities/names/no2010061681
"Slusser, Robert M., 1916-",lcnaf,
"Sly, Alexander C., 1863-",lcnaf,
"Small, Albion Woodbury, 1854-1926.",lcnaf,http://id.loc.gov/authorities/names/n50014727
"Small, Irwin A.",lcnaf,
"Smalley, Harrison Standish, 1878-1912.",lcnaf,
"Smathers, George A. (George Armistead), 1913-2007",lcnaf,http://id.loc.gov/authorities/names/n96087054
"Smathers, William H.",lcnaf,
"Smelser, Neil J.",lcnaf,
"Smiley, Monica.",lcnaf,
"Smit, Raymond J., 1928-",lcnaf,
"Smith, Alene.",lcnaf,
"Smith, Alfred Emanuel, 1873-1944.",lcnaf,http://id.loc.gov/authorities/names/n50016436
"Smith, Allan Frederick, 1911-",lcnaf,
"Smith, Allan Frederick, 1971-",lcnaf,
"Smith, Anna Ellen, 1899-1977.",lcnaf,
"Smith, Arthur H. (Arthur Harry), 1893-1976.",lcnaf,
"Smith, Arthur Whitmore, 1874-1954.",lcnaf,http://id.loc.gov/authorities/names/n85800554
"Smith, Arvilla Almira Powers, 1808-1895.",lcnaf,
"Smith, Charles S. (Charles Spencer), Jr.",lcnaf,
"Smith, Charles Spencer, 1852-1923.",lcnaf,http://id.loc.gov/authorities/names/no99072154
"Smith, Christine Shoecraft.",lcnaf,
"Smith, Clement McDonald, 1844-1923.",lcnaf,
"Smith, Clyde.",lcnaf,
"Smith, Dalene.",lcnaf,
"Smith, David Eugene, 1860-1944.",lcnaf,http://id.loc.gov/authorities/names/n79134854
"Smith, Delos Grosvenor, 1893-",lcnaf,
"Smith, Dennis V.",lcnaf,
"Smith, Donald W. (Donald Ward) 1926-2012.",lcnaf,
"Smith, Doris Ann.",lcnaf,
"Smith, Elbert V., 1864-",lcnaf,
"Smith, Elna M.",lcnaf,http://id.loc.gov/authorities/names/n86822868
"Smith, Emerson R.",lcnaf,
"Smith, Frank Leslie, 1867-1950.",lcnaf,http://id.loc.gov/authorities/names/no2013071708
"Smith, Frederick.",lcnaf,
"Smith, George Jay, 1866-1938",lcnaf,http://id.loc.gov/authorities/names/no2008133851
"Smith, George Otis, 1871-1944.",lcnaf,http://id.loc.gov/authorities/names/n87837408
"Smith, Gerald L. K. (Gerald Lyman Kenneth), 1898-",lcnaf,
"Smith, Gerald L. K. (Gerald Lyman Kenneth), 1898-1976",lcnaf,http://id.loc.gov/authorities/names/n83065961
"Smith, Gerrit, 1797-1874.",lcnaf,http://id.loc.gov/authorities/names/n85185910
"Smith, Glanville.",lcnaf,
"Smith, Gloria R., 1934-",lcnaf,http://id.loc.gov/authorities/names/n85224464
"Smith, Goff.",lcnaf,
"Smith, Gordon W.",lcnaf,
"Smith, Grace.",lcnaf,
"Smith, H. Alexander (Howard Alexander), 1880-1966.",lcnaf,http://id.loc.gov/authorities/names/n85185913
"Smith, Hal Horace, 1873-1944.",lcnaf,http://id.loc.gov/authorities/names/nr2001026534
"Smith, Hal Horace, 1903-",lcnaf,
"Smith, Harold Dewey, 1898-1947.",lcnaf,http://id.loc.gov/authorities/names/no2005001673
"Smith, Harold J.",lcnaf,
"Smith, Hazel Littlefield.",lcnaf,
"Smith, Henry Cassorte, 1859-1911.",lcnaf,
"Smith, Henry D.",lcnaf,
"Smith, Henry, d. 1847.",lcnaf,
"Smith, Holland M. (Holland McTyeire), 1882-1967.",lcnaf,http://id.loc.gov/authorities/names/n85170263
"Smith, Humphrey Henry Howland Crapo.",lcnaf,
"Smith, Hyrum, 1800-1844.",lcnaf,http://id.loc.gov/authorities/names/nr88012180
"Smith, Ira Melville, 1885-1977.",lcnaf,
"Smith, J. Allen (James Allen), 1860-1926.",lcnaf,http://id.loc.gov/authorities/names/n88002670
"Smith, James Fairbairn.",lcnaf,http://id.loc.gov/authorities/names/no2007090079
"Smith, James Francis, 1859-1928.",lcnaf,http://id.loc.gov/authorities/names/n00065660
"Smith, Jim.",lcnaf,
"Smith, John McMunn C., 1853-1923.",lcnaf,http://id.loc.gov/authorities/names/no2008188967
"Smith, John W., 1883-",lcnaf,
"Smith, John Walter, 1845-1925.",lcnaf,http://id.loc.gov/authorities/names/n96027022
"Smith, Joseph Henry, 1855-1946.",lcnaf,
"Smith, L. Z.",lcnaf,
"Smith, Lillian Eugenia, 1897-1966.",lcnaf,http://id.loc.gov/authorities/names/n50013297
"Smith, Lucy Ann.",lcnaf,
"Smith, Margaret Chase, 1897-1995.",lcnaf,http://id.loc.gov/authorities/names/n50013287
"Smith, Mark W.",lcnaf,
"Smith, Otis Milton, 1922-1993.",lcnaf,
"Smith, Otis Milton, 1922-1994.",lcnaf,http://id.loc.gov/authorities/names/n00093572
"Smith, Pringle.",lcnaf,
"Smith, Ralph Enos, 1896-1977.",lcnaf,
"Smith, Richard Root, 1869-1940.",lcnaf,http://id.loc.gov/authorities/names/no2009001928
"Smith, Robert R.",lcnaf,
"Smith, Robert R., 1847-",lcnaf,
"Smith, Roberta Holland.",lcnaf,
"Smith, Russell Andrew.",lcnaf,http://id.loc.gov/authorities/names/n79111485
"Smith, Samuel D., 1902-",lcnaf,
"Smith, Samuel William, 1852-1931.",lcnaf,
"Smith, Sara Browne.",lcnaf,
"Smith, Shirley Wheeler, 1875-1959.",lcnaf,http://id.loc.gov/authorities/names/no2008187805
"Smith, Talbot.",lcnaf,
"Smith, Theobald, 1859-1934.",lcnaf,http://id.loc.gov/authorities/names/n88274023
"Smith, Thomas Vernor, 1890-1964.",lcnaf,http://id.loc.gov/authorities/names/n50013220
"Smith, Warren Lounsbury, 1914-1972.",lcnaf,http://id.loc.gov/authorities/names/n50060267
"Smith, William Alden, 1859-1932.",lcnaf,http://id.loc.gov/authorities/names/no98099507
"Smith, William Morris, b. 1870.",lcnaf,
"Smith, William Parkhurst, 1897-",lcnaf,
"Smits, Lee J.",lcnaf,
"Smoot, Reed, 1862-1941.",lcnaf,http://id.loc.gov/authorities/names/n86071142
"Smyser, Carme Hostetter, 1869-1945.",lcnaf,
"Smyser, Martin Mosser, 1875-1955.",lcnaf,
"Snedden, David, 1868-1951",lcnaf,http://id.loc.gov/authorities/names/n91027403
"Snow, C. P. (Charles Percy), 1905-1980",lcnaf,http://id.loc.gov/authorities/names/n80014802
"Snow, C. P. (Charles Percy), 1911-",lcnaf,
"Snyder, Franklin Bliss, 1884-1958.",lcnaf,
"Snyder, Gary, 1930-",lcnaf,
"Snyder, George.",lcnaf,
"Snyder, John W. (John Wesley), 1895-1985.",lcnaf,http://id.loc.gov/authorities/names/n90657980
"So, Sara Armstrong.",lcnaf,
"Sobel, Morton J.",lcnaf,
"Sockman, Ralph W. (Ralph Washington), 1889-1970.",lcnaf,http://id.loc.gov/authorities/names/n92017647
"Soddy, Frederick, 1877-1956.",lcnaf,http://id.loc.gov/authorities/names/n50053268
"Soekarno, 1901-1970.",lcnaf,http://id.loc.gov/authorities/names/n50010422
"Sokolsky, George Ephraim, 1893-1962.",lcnaf,http://id.loc.gov/authorities/names/no95004291
"Solana, Javier.",lcnaf,http://id.loc.gov/authorities/names/no2005088047
"Solomis, Alexis.",lcnaf,
"Solomon, Samuel R.",lcnaf,
"Solotaroff, Ted, 1928-2008.",lcnaf,http://id.loc.gov/authorities/names/n79075153
"Somervell, Brehon Burke, 1892-1955.",lcnaf,http://id.loc.gov/authorities/names/n93095998
"Sommerfeld, Arnold, 1868-1951.",lcnaf,http://id.loc.gov/authorities/names/n85801588
"Sontag, Susan, 1933-2004",lcnaf,http://id.loc.gov/authorities/names/n79049274
"Soop, Everett J., 1901-",lcnaf,
"Sorensen, Charles E., 1881-1968.",lcnaf,http://id.loc.gov/authorities/names/n2005075179
"Sorensen, Theodore C.",lcnaf,http://id.loc.gov/authorities/names/n50014125
"Sorenson, Theodore C.",lcnaf,
"Sorokin, Pitirim Aleksandrovich, 1889-1968.",lcnaf,http://id.loc.gov/authorities/names/n50000868
"Sosnowksi, John B.",lcnaf,
"Soule, Harrison, 1832-1922.",lcnaf,
"Soules, Aline.",lcnaf,http://id.loc.gov/authorities/names/no00092777
"Souris, Theodore, 1925-",lcnaf,http://id.loc.gov/authorities/names/ns2012004729
"Sousa, John Philip, 1854-1932.",lcnaf,http://id.loc.gov/authorities/names/n79122078
"South, Lloyd V.",lcnaf,
"Southard, Earl.",lcnaf,
"Southard, Samuel L. (Samuel Lewis), 1787-1842.",lcnaf,http://id.loc.gov/authorities/names/n83208104
"Southwell, Harry.",lcnaf,
"Southwick, Arthur F.",lcnaf,http://id.loc.gov/authorities/names/n88044131
"Spaak, Paul Henri, 1899-1972.",lcnaf,http://id.loc.gov/authorities/names/n82078011
"Spalding, Edward Bartlett, 1868-1960.",lcnaf,
"Spalding, Volney Morgan, 1849-1918.",lcnaf,http://id.loc.gov/authorities/names/no2003104243
"Spalding, William P., b. 1822.",lcnaf,
"Spann, Ray.",lcnaf,
"Sparkman, John, 1899-1985.",lcnaf,http://id.loc.gov/authorities/names/n79082340
"Sparks, Frank Melville, 1877-",lcnaf,
"Sparks, Frank Melville, 1877-1950.",lcnaf,
"Sparks, Jared, 1789-1866.",lcnaf,http://id.loc.gov/authorities/names/n50021686
"Sparling, Peter, 1951-",lcnaf,
"Sparling, Peter, 1951-, Performances.",lcnaf,
"Sparrow, Frederick K. (Frederick Kroeber), 1903-1977.",lcnaf,
"Sparrow, Nan.",lcnaf,
"Spaulding, Albert C. (Albert Clanton), 1914-1990",lcnaf,http://id.loc.gov/authorities/names/nr2002017577
"Spaulding, Jay Earle, b.1894.",lcnaf,
"Spaulding, Mary Swegles, 1844-1926.",lcnaf,
"Spaulding, Mr. (Oliver Lyman), 1833-1922.",lcnaf,http://id.loc.gov/authorities/names/no94008169
"Spaulding, Oliver Lyman, 1875-1947",lcnaf,http://id.loc.gov/authorities/names/no2001071379
"Spaulding, Thomas M. (Thomas Marshall), 1882-1973.",lcnaf,
"Spaulding, Thomas M. (Thomas Marshall), b. 1882.",lcnaf,
"Spaulding, c Mr. (Oliver Lyman), 1833-1922.",lcnaf,
"Spectorsky, A. C. (Auguste C.), 1910-1972.",lcnaf,http://id.loc.gov/authorities/names/no97067531
"Spellman, Francis, 1889-1967.",lcnaf,http://id.loc.gov/authorities/names/n84018580
"Spence, Brent, 1874-1967.",lcnaf,http://id.loc.gov/authorities/names/no2009004161
"Spencer, Anna Garlin, 1851-1931.",lcnaf,http://id.loc.gov/authorities/names/n91032421
"Spencer, Anne, 1882-1975.",lcnaf,http://id.loc.gov/authorities/names/no98076986
"Spencer, Bradley.",lcnaf,
"Spencer, Chauncey E. (Chauncey Edward), 1906-2002",lcnaf,http://id.loc.gov/authorities/names/no2008062671
"Spencer, Chauncey E., 1906-",lcnaf,
"Spencer, Edward A., d. 1964.",lcnaf,
"Spencer, Mary Clare Wilson, 1842-1923.",lcnaf,http://id.loc.gov/authorities/names/n79072667
"Spencer, Sheldon.",lcnaf,
"Sperberg, Lester.",lcnaf,
"Speth, Roy H., 1895-",lcnaf,
"Spielman, Eda.",lcnaf,
"Spier, Leslie, 1893-1961.",lcnaf,http://id.loc.gov/authorities/names/n50021190
"Spill, William Ambrose, 1876-",lcnaf,
"Spillman, William Jasper, 1863-1931.",lcnaf,
"Spina, Tony.",lcnaf,http://id.loc.gov/authorities/names/n79114208
"Spivak, Lawrence Edmund.",lcnaf,
"Spock, Benjamin, 1903-1998.",lcnaf,http://id.loc.gov/authorities/names/n50024566
"Spooner, C. Willett (collector).",lcnaf,
"Springer, Durand William, 1866-1943.",lcnaf,
"Springer, Harvey H., 1907-1969",lcnaf,http://id.loc.gov/authorities/names/no2007083352
"Sproul, Robert Gordon, 1891-1975.",lcnaf,http://id.loc.gov/authorities/names/no91006828
"Spurr, Stephen Hopkins.",lcnaf,
"Squier, George Owen, 1865-1934.",lcnaf,http://id.loc.gov/authorities/names/n96033160
"Squier, Nina A. La Barge.",lcnaf,
"Squier, Theodore L.",lcnaf,
"Squires, Radcliffe, 1917-1993.",lcnaf,http://id.loc.gov/authorities/names/n50028549
"St. Antoine, Theodore J.",lcnaf,
"St. Antoine, Theodore J., 1929-",lcnaf,http://id.loc.gov/authorities/names/n81120959
"St. Aubin, Wilfrid de, 1902-1980.",lcnaf,
"St. Laurent, Louis S. (Louis Stephen), 1882-1973.",lcnaf,http://id.loc.gov/authorities/names/n82257393
"St. Marie, Buffy.",lcnaf,
"St.-George, Maximilian, b. 1885.",lcnaf,
"Stace, Arthur W. (Arthur William), 1875-1950.",lcnaf,http://id.loc.gov/authorities/names/n94090908
"Stack, Jack M.",lcnaf,
"Stack, John K., 1884-1935.",lcnaf,
"Stadsklev, C. O.",lcnaf,
"Staebler, Burnette.",lcnaf,
"Staebler, Edward William, 1872-1946.",lcnaf,
"Staebler, Michael, 1843-1928.",lcnaf,
"Staebler, Neil, 1905-",lcnaf,
"Staebler, Neil, 1905-2000",lcnaf,http://id.loc.gov/authorities/names/nr89001910
"Stage, Jesse H.",lcnaf,
"Stagg, Amos Alonzo, 1862-1965.",lcnaf,http://id.loc.gov/authorities/names/n90648453
"Stair, Edward Douglas, b. 1859.",lcnaf,
"Stair, W. D.",lcnaf,
"Stalin, Joseph, 1879-1953.",lcnaf,
"Stanczyk, Benjamin C. (Benjamin Conrad), 1915-",lcnaf,
"Standinger, Hermann, 1881-1965.",lcnaf,
"Standish, John H., b. 1816.",lcnaf,
"Stanford, George Alonzo, 1917-",lcnaf,
"Stanley, Albert A. (Albert Augustus), 1851-1932.",lcnaf,http://id.loc.gov/authorities/names/no92003683
"Stanley, Augustus Owsley, 1867-1958.",lcnaf,http://id.loc.gov/authorities/names/n2005078678
"Stanley, David Sloane, 1828-1902.",lcnaf,http://id.loc.gov/authorities/names/n83060788
"Stanley, David, Mrs.",lcnaf,
"Stans, Maurice H., 1908-1998",lcnaf,http://id.loc.gov/authorities/names/n84161337
"Stanton, Edwin McMasters, 1814-1869.",lcnaf,http://id.loc.gov/authorities/names/n50023269
"Stanton, Elizabeth Cady, 1815-1902.",lcnaf,http://id.loc.gov/authorities/names/n80001140
"Stanton, Frank, 1908-2006",lcnaf,http://id.loc.gov/authorities/names/n97122472
"Stapleton, Syd.",lcnaf,
"Stark, Joan S.",lcnaf,http://id.loc.gov/authorities/names/nr88001024
"Stark, Lloyd C.",lcnaf,
"Stark, Otto, 1859-1926.",lcnaf,http://id.loc.gov/authorities/names/n77004216
"Starkie, Enid.",lcnaf,http://id.loc.gov/authorities/names/n50023287
"Starr, Floyd Elliot, 1883-1980.",lcnaf,http://id.loc.gov/authorities/names/n88228740
"Starr, Raymond Wesley, 1888-1968.",lcnaf,
"Stasheff, Edward, 1909-",lcnaf,
"Stasheff, Edward.",lcnaf,http://id.loc.gov/authorities/names/n79066596
"Stason, E. Blythe (Edwin Blythe), 1891-1972.",lcnaf,http://id.loc.gov/authorities/names/n80098082
"Stason, E. Blythe, 1891-1972.",lcnaf,http://id.loc.gov/authorities/names/n80098082
"Stassen, Harold E. (Harold Edward), 1907-2001",lcnaf,http://id.loc.gov/authorities/names/n80139271
"Steagall, Henry Bascom, 1873-1943.",lcnaf,
"Stearns, Edwin.",lcnaf,
"Stearns, Ezra, 1836-1922.",lcnaf,
"Stearns, Frederick, 1831-1907.",lcnaf,http://id.loc.gov/authorities/names/n88620592
"Stearns, Justus S. (Justus Smith), b. 1845.",lcnaf,
"Stearns, Robert Lawrence, 1892-",lcnaf,http://id.loc.gov/authorities/names/n00113354
"Stebbins, Francis Ranna, 1818 or 1819-1892.",lcnaf,
"Stebbins, Joel, 1878-1966",lcnaf,http://id.loc.gov/authorities/names/no2009004897
"Steeb, Lloyd.",lcnaf,
"Steeh, George C.",lcnaf,
"Steeh, George C., 1919-",lcnaf,
"Steele, John Dutton.",lcnaf,
"Steele, Thomas Clement, 1847-1926.",lcnaf,
"Steere, Isaac.",lcnaf,
"Steere, Joseph Beal, 1842-1940.",lcnaf,http://id.loc.gov/authorities/names/no2007120169
"Steere, Joseph Hall, 1852-1936.",lcnaf,
"Stefansson, Vilhjalmur, 1879-1962.",lcnaf,http://id.loc.gov/authorities/names/n79054970
"Steffe, Leah Bolgos.",lcnaf,
"Stegman, Louie Vandervoort, 1868-1930.",lcnaf,
"Stegner, Wallace Earle, 1908-1993.",lcnaf,
"Stein, Clarence S.",lcnaf,
"Stein, Eric (1913- )",lcnaf,
"Stein, Eric A.",lcnaf,
"Stein, Eric.",lcnaf,http://id.loc.gov/authorities/names/n50020719
"Stein, Robert, 1924-2014",lcnaf,http://id.loc.gov/authorities/names/n88218295
"Steinberg, Lawrence N., 1905-",lcnaf,
"Steiner, Peter Otto, 1922-",lcnaf,http://id.loc.gov/authorities/names/n50023492
"Steinman, D. B. (David Barnard), 1886-1960.",lcnaf,http://id.loc.gov/authorities/names/n85353758
"Steinson, Barbara J., 1948-",lcnaf,http://id.loc.gov/authorities/names/n81124562
"Stejneger, Leonhard, 1851-1943.",lcnaf,http://id.loc.gov/authorities/names/no95049009
"Stella, Frank D.",lcnaf,
"Stempel, Robert C. (Robert Carl), 1933-2011.",lcnaf,
"Stempfle, Gregory",lcnaf,
"Steneck, Nicholas H.",lcnaf,
"Stephan, Max Paul.",lcnaf,
"Stephen, John.",lcnaf,
"Stephens, E. W.",lcnaf,
"Stephens, Frank, 1859-1935.",lcnaf,http://id.loc.gov/authorities/names/n2005175005
"Stephens, James.",lcnaf,
"Stephens, Yvonne.",lcnaf,
"Stephenson, James E., 1926-",lcnaf,
"Stephenson, Joe.",lcnaf,
"Stephenson, Robert L. (Robert Lloyd), 1919-",lcnaf,http://id.loc.gov/authorities/names/n84053297
"Stephenson, Wendell Holmes, 1899-1970.",lcnaf,http://id.loc.gov/authorities/names/n85239091
"Stepp, Marc.",lcnaf,
"Sterling, Edward Boker.",lcnaf,
"Sterling, Louis T.",lcnaf,
"Stetson, Harlan True, 1885-1964.",lcnaf,http://id.loc.gov/authorities/names/n87804019
"Stettinius, Edward R. (Edward Reilly), 1900-1949.",lcnaf,http://id.loc.gov/authorities/names/n50022542
"Stevens, Albert Kunnen, 1901-1984.",lcnaf,
"Stevens, Frederic B.",lcnaf,
"Stevens, Frederick W. (Frederick Waeir), 1865-1926.",lcnaf,http://id.loc.gov/authorities/names/no95058799
"Stevens, George Washington, 1866-1926.",lcnaf,
"Stevens, Kenneth Molyneaux, 1892-",lcnaf,
"Stevens, Mark Chancellor.",lcnaf,
"Stevens, Roy.",lcnaf,
"Stevens, Thaddeus, 1792-1868.",lcnaf,http://id.loc.gov/authorities/names/n50023914
"Stevens, Walter LeConte, 1847-1927.",lcnaf,http://id.loc.gov/authorities/names/no2010070622
"Stevens, Wystan.",lcnaf,
"Stevenson, Adlai E. (Adlai Ewing), 1900-1965.",lcnaf,http://id.loc.gov/authorities/names/n79055618
"Stevenson, Adlai E. (Adlai Ewing), 1930-",lcnaf,http://id.loc.gov/authorities/names/n84078196
"Stevenson, Burton Egbert, 1872-1962.",lcnaf,http://id.loc.gov/authorities/names/n50022615
"Stevenson, Charles L. (Charles Leslie), 1908-",lcnaf,http://id.loc.gov/authorities/names/n83020606
"Stevenson, Charles L. (Charles Leslie), 1908-1979.",lcnaf,
"Stevenson, John James, 1841-1924.",lcnaf,http://id.loc.gov/authorities/names/n88172355
"Stevenson, Louise Destler.",lcnaf,
"Stevenson, Russell Alger, 1890-",lcnaf,http://id.loc.gov/authorities/names/n80089221
"Stevenson, William, 1901-",lcnaf,
"Stewardson, Langdon Cheeves, 1850-",lcnaf,
"Stewart, Charles, 1839-1864.",lcnaf,
"Stewart, Cynthia Jean.",lcnaf,
"Stewart, Damon, 1834-1867.",lcnaf,
"Stewart, Donald C.",lcnaf,http://id.loc.gov/authorities/names/nb99188327
"Stewart, Gertrude Hornbostel, 1918-1992.",lcnaf,http://id.loc.gov/authorities/names/no2013017838
"Stewart, Gilbert Ireland, 1897-",lcnaf,
"Stewart, H. P. (Hladia Porter)",lcnaf,
"Stewart, Mary.",lcnaf,
"Stewart, Patricia L.",lcnaf,http://id.loc.gov/authorities/names/n87937098
"Stewart, R. R. (Ralph Randles), 1890-",lcnaf,http://id.loc.gov/authorities/names/n84105070
"Stidger, William L. (William LeRoy), 1886-",lcnaf,
"Stiles, John R.",lcnaf,
"Stillman, Sara",lcnaf,
"Stimson, Henry L. (Henry Lewis), 1867-1950.",lcnaf,http://id.loc.gov/authorities/names/n50011364
"Stimson, Henry Lewis, 1867-1950.",lcnaf,http://id.loc.gov/authorities/names/n50011364
"Stockard, Charles Rupert, 1879-1939.",lcnaf,http://id.loc.gov/authorities/names/no2006062901
"Stockbridge, Mr. (Francis Brown), 1826-1894.",lcnaf,
"Stocking, Charles Howard, 1882-1958.",lcnaf,http://id.loc.gov/authorities/names/no2005038608
"Stockton, Robert Field, 1795-1866.",lcnaf,http://id.loc.gov/authorities/names/n86858531
"Stockton, Ronald R.",lcnaf,http://id.loc.gov/authorities/names/n83022020
"Stockton, Thomas R.",lcnaf,
"Stockwell, Cyrus M. (Cyrus Moses), 1823-1899.",lcnaf,
"Stoddard, Francis Hovey, 1847-1936.",lcnaf,http://id.loc.gov/authorities/names/no00051672
"Stoffel, Joseph H.",lcnaf,
"Stokes, Anson Phelps, 1874-1958.",lcnaf,http://id.loc.gov/authorities/names/n86844955
"Stokes, Donald E.",lcnaf,http://id.loc.gov/authorities/names/n50010410
"Stokes, Donald Elkinton, 1927-",lcnaf,
"Stokes, Elizabeth Dilling, 1894-1966.",lcnaf,http://id.loc.gov/authorities/names/n90666966
"Stokowski, Leopold, 1882-1977.",lcnaf,http://id.loc.gov/authorities/names/n80050012
"Stoll, Albert, 1884-",lcnaf,http://id.loc.gov/authorities/names/no2007031315
"Stolper, Wolfgang F.",lcnaf,http://id.loc.gov/authorities/names/n81117073
"Stone, Addison Ray, 1828-1888.",lcnaf,
"Stone, Harlan Fiske, 1872-1946.",lcnaf,http://id.loc.gov/authorities/names/n86114718
"Stone, Harriette, 1867-",lcnaf,
"Stone, Hiram.",lcnaf,http://id.loc.gov/authorities/names/n2003087113
"Stone, Irving, 1903-1989",lcnaf,http://id.loc.gov/authorities/names/n50010563
"Stone, Irving, 1903-1989--Clarence Darrow for the defense.",lcnaf,
"Stone, Julius Frederick, 1855-1947.",lcnaf,http://id.loc.gov/authorities/names/no2009004726
"Stone, Lucinda Hinsdale, 1814-1900.",lcnaf,http://id.loc.gov/authorities/names/no2007003134
"Stone, Oren, b. 1833.",lcnaf,
"Stone, Ralph, 1868-1956.",lcnaf,
"Stone, William A. (William Addison), 1862-1924.",lcnaf,
"Stone, William A. (William Addison), 1902-",lcnaf,
"Stone, Willis E. (Willis Emerson), 1899-",lcnaf,http://id.loc.gov/authorities/names/n88172291
"Stoneman, William Harlan, 1904-",lcnaf,
"Stoner, Claude Thomas",lcnaf,
"Stoner, Claude Thomas, 1899-1977.",lcnaf,http://id.loc.gov/authorities/names/n82026287
"Stoner, George W.",lcnaf,http://id.loc.gov/authorities/names/n88091037
"Stoner, Willis Gordon, 1880-",lcnaf,
"Stoner, Winifred Sackville, d. 1931.",lcnaf,
"Storey, Alfred W.",lcnaf,
"Storey, Wilbur F., 1819-1884.",lcnaf,http://id.loc.gov/authorities/names/no2011025508
"Storms, Daniel Edward.",lcnaf,
"Storms, Roger C. (Roger Clair), 1939-",lcnaf,
"Storrow, Helen Osborne.",lcnaf,
"Story, Joseph, 1779-1845.",lcnaf,http://id.loc.gov/authorities/names/n50010851
"Stough, Irvin K.",lcnaf,
"Stout, Rex, 1886-1975.",lcnaf,
"Stowe, Ernest A., b. 1859.",lcnaf,
"Stowe, Leland, 1899-",lcnaf,http://id.loc.gov/authorities/names/n83019043
"Stracciari, Riccardo.",lcnaf,http://id.loc.gov/authorities/names/n82071439
"Straight, Michael Whitney.",lcnaf,http://id.loc.gov/authorities/names/n79085104
"Strang, James Jesse, 1813-1856.",lcnaf,http://id.loc.gov/authorities/names/n79113797
"Stratton, Thomas F.",lcnaf,
"Stratton, William B.",lcnaf,
"Straus, Nathan.",lcnaf,
"Strauss, Franz Josef, 1915-1988",lcnaf,http://id.loc.gov/authorities/names/n50010949
"Strauss, Johann, 1804-1849.",lcnaf,http://id.loc.gov/authorities/names/n79106446
"Strauss, Lewis Lichtenstein, 1896-",lcnaf,
"Strauss, Louis Abraham, 1872-1938.",lcnaf,
"Stravinsky, Igor, 1882-1971.",lcnaf,http://id.loc.gov/authorities/names/n79070061
"Strawn, Silas Hardy, 1866-1946",lcnaf,http://id.loc.gov/authorities/names/n85814928
"Street, Julian, 1879-1947",lcnaf,http://id.loc.gov/authorities/names/n86114725
"Streit, Clarence K. (Clarence Kirshman), 1896-1986",lcnaf,http://id.loc.gov/authorities/names/n92118561
"Strickland, Walter.",lcnaf,
"Striker, Daniel E., 1835-1898.",lcnaf,
"Stringfellow, William.",lcnaf,http://id.loc.gov/authorities/names/n50011491
"Strodtman, Linda K.",lcnaf,
"Strohm, Adam Julius, 1870-",lcnaf,
"Strong, Charles Augustus, 1862-1940.",lcnaf,http://id.loc.gov/authorities/names/n83172008
"Strong, Edwin Atson, 1834-1920.",lcnaf,
"Strong, Josiah, 1847-1916.",lcnaf,http://id.loc.gov/authorities/names/n86812593
"Strong, Martha Cochrane, 1843-1926.",lcnaf,
"Strong, Sydney, 1860-1938.",lcnaf,http://id.loc.gov/authorities/names/n87836829
"Stross, Allen.",lcnaf,
"Strube, William P.",lcnaf,http://id.loc.gov/authorities/names/no99001831
"Struve, Otto, 1897-1963.",lcnaf,http://id.loc.gov/authorities/names/n50010523
"Ströomgren, Bengt, 1908-",lcnaf,
"Stuart, Charles Edward, 1810-1887.",lcnaf,http://id.loc.gov/authorities/names/no2003058569
"Stuart, Jesse, 1906-1984.",lcnaf,http://id.loc.gov/authorities/names/n79018157
"Stuart, Jesse, 1907-",lcnaf,
"Stuber, Stanley I. (Stanley Irving), 1903-1985",lcnaf,http://id.loc.gov/authorities/names/n85005602
"Studlar, Gaylyn.",lcnaf,http://id.loc.gov/authorities/names/n87810534
"Studley, William Sprague, 1823-1893.",lcnaf,
"Stunyo, Jeanne.",lcnaf,
"Sturgis, Sam, collector",lcnaf,
"Sturgis, William S.",lcnaf,
"Styan, J. L.",lcnaf,http://id.loc.gov/authorities/names/n50011463
"Styron, William, 1925-2006.",lcnaf,http://id.loc.gov/authorities/names/n79022959
"Sudarkasa, Niara.",lcnaf,
"Sugar, Maurice, 1891-1974.",lcnaf,http://id.loc.gov/authorities/names/n87909927
"Sugden, Howard.",lcnaf,
"Suits, Daniel Burbidge, 1918-",lcnaf,http://id.loc.gov/authorities/names/n50010763
"Sullivan, Anna, 1903-",lcnaf,
"Sullivan, Arthur, Sir, 1842-1900--Performances--Michigan.",lcnaf,
"Sullivan, Arthur, Sir, 1842-1900.",lcnaf,http://id.loc.gov/authorities/names/n80019543
"Sullivan, Carol.",lcnaf,
"Sullivan, Louis H., 1856-1924.",lcnaf,http://id.loc.gov/authorities/names/n50010438
"Sullivan, Louis, 1856-1924.",lcnaf,http://id.loc.gov/authorities/names/n50010438
"Sullivan, Mark, 1874-1952.",lcnaf,http://id.loc.gov/authorities/names/n90626615
"Sullivan, William M.",lcnaf,http://id.loc.gov/authorities/names/n79083155
"Sulzberger, Arthur Hays, 1891-1968.",lcnaf,http://id.loc.gov/authorities/names/n88224872
"Sulzberger, C. L. (Cyrus Leo), 1912-1993.",lcnaf,http://id.loc.gov/authorities/names/n50010445
"Summerfield, Arthur Ellsworth, 1899-1972.",lcnaf,http://id.loc.gov/authorities/names/no2004028534
"Summers, Halton W.",lcnaf,
"Sumner, Charles, 1811-1874.",lcnaf,http://id.loc.gov/authorities/names/n81057079
"Sumner, William Graham, 1840-1910.",lcnaf,http://id.loc.gov/authorities/names/n79061189
"Sunday, Billy, 1862-1935.",lcnaf,http://id.loc.gov/authorities/names/n84088248
"Sunderland, Edson R. (Edson Read), b. 1874.",lcnaf,
"Sunderland, Eliza Read, 1839-1910.",lcnaf,
"Sunderland, Jabez Thomas, 1842-1936.",lcnaf,http://id.loc.gov/authorities/names/n82020597
"Sundwall, John, 1880-1950.",lcnaf,
"Sundwall, Mary.",lcnaf,
"Super, R. H. (Robert Henry), 1914-1996.",lcnaf,http://id.loc.gov/authorities/names/n81050719
"Susskind, David, 1920-1987",lcnaf,http://id.loc.gov/authorities/names/n82063165
"Sussman, Alfred S.",lcnaf,http://id.loc.gov/authorities/names/n88682559
"Sutherland, George, 1862-1942.",lcnaf,http://id.loc.gov/authorities/names/n94005561
"Sutherland, Gordon Alexander, 1906-1957.",lcnaf,
"Sutherland, R. S.",lcnaf,
"Sutter, William F.",lcnaf,
"Suzzallo, Henry, 1875-1933.",lcnaf,http://id.loc.gov/authorities/names/no96040837
"Swain, Edith L.",lcnaf,
"Swain, George Robert, 1866-1947.",lcnaf,
"Swain, Henry H.",lcnaf,
"Swain, Mary Ann Price, 1941-",lcnaf,http://id.loc.gov/authorities/names/n82120978
"Swaine, Jessie.",lcnaf,
"Swainson, Alice.",lcnaf,
"Swainson, John B. (John Burley), 1925-1994.",lcnaf,http://id.loc.gov/authorities/names/n2003087794
"Swainson, John Burley, 1925-",lcnaf,
"Swan, Henry Harrison, 1840-1916.",lcnaf,
"Swanson, Carl A.",lcnaf,
"Swanson, Claude Augustus, 1862-1939.",lcnaf,http://id.loc.gov/authorities/names/n84135105
"Swanson, John B. (John Burley), 1925-1994.",lcnaf,
"Swarthout, Elvin, 1864-1935.",lcnaf,
"Swearingen, Victor Clarence, 1899-1968.",lcnaf,
"Sweet, Edwin F. (Edwin Forrest), 1847-1935.",lcnaf,
"Sweet, Gertrude, 1890-",lcnaf,
"Sweet, Ossian, 1895-1960.",lcnaf,http://id.loc.gov/authorities/names/n2003033602
"Sweet, Ralph, 1892-1961.",lcnaf,
"Sweet, William Warren, 1881-1959.",lcnaf,http://id.loc.gov/authorities/names/n82091865
"Swegles, Edward Cyrus.",lcnaf,
"Swegles, John, 1819-1861.",lcnaf,
"Swets, Seymour.",lcnaf,
"Swift, Edgar James, 1860-1932.",lcnaf,http://id.loc.gov/authorities/names/n88665142
"Swift, Frederick W., 1831-",lcnaf,
"Swift, Wesley.",lcnaf,
"Swihart, Leon R., collector.",lcnaf,
"Swineford, A. P. (Alfred P.), 1834-1909.",lcnaf,http://id.loc.gov/authorities/names/no95047728
"Swinton, Roy Stanley, 1886-",lcnaf,
"Swinton, Stanley M. (Stanley Mitchell), 1919-1982.",lcnaf,http://id.loc.gov/authorities/names/no2011114313
"Swomley, John M., 1915-2010",lcnaf,http://id.loc.gov/authorities/names/n50012975
"Swope, Herbert Bayard, 1882-1958.",lcnaf,http://id.loc.gov/authorities/names/n83194987
"Sykes, W. L.",lcnaf,
"Sylvester, Arthur, 1901-",lcnaf,
"Symington, Stuart, 1901-1988",lcnaf,http://id.loc.gov/authorities/names/n87837464
"Symon, Charles",lcnaf,
"Symons, Ed.",lcnaf,
"Szady, Sheryl Marie.",lcnaf,
"Szigeti, Joseph, 1892-1973.",lcnaf,http://id.loc.gov/authorities/names/n84046797
"Szwarc, Michael M., 1909-",lcnaf,
"Tackman, Mildred.",lcnaf,
"Taft, Charles P. (Charles Phelps), 1897-1983",lcnaf,http://id.loc.gov/authorities/names/n88638770
"Taft, J. (Jonathan), 1820-1903.",lcnaf,http://id.loc.gov/authorities/names/nr89010212
"Taft, Lorado, 1860-1936.",lcnaf,http://id.loc.gov/authorities/names/n83121888
"Taft, Robert A. (Robert Alphonso), 1889-1953.",lcnaf,http://id.loc.gov/authorities/names/n83125299
"Taft, William H. (William Howard), 1857-1930.",lcnaf,http://id.loc.gov/authorities/names/n79022244
"Taggart, Ganson, 1873-1959.",lcnaf,
"Taggart, Herbert F. (Herbert Francis), 1898-",lcnaf,
"Taggart, Herbert F. (Herbert Francis), 1898-1983",lcnaf,http://id.loc.gov/authorities/names/n88612359
"Tagore, Rabindranath, 1861-1941.",lcnaf,http://id.loc.gov/authorities/names/n80036680
"Takai, Shigeo William.",lcnaf,
"Talbert, Edward.",lcnaf,
"Talbot, Marion, 1858-1948.",lcnaf,http://id.loc.gov/authorities/names/n85220157
"Talgø, Elisabeth Holden.",lcnaf,
"Taliaferro, James Piper, 1847-1934.",lcnaf,http://id.loc.gov/authorities/names/n98059960
"Talmadge, Herman E. (Herman Eugene), 1913-2002.",lcnaf,http://id.loc.gov/authorities/names/n80002583
"Tampon, Casimera.",lcnaf,
"Tanner, Andrew W.",lcnaf,
"Tanner, Helen Hornbeck",lcnaf,
"Tanner, John 1780?-1847.",lcnaf,http://id.loc.gov/authorities/names/n83317643
"Tanton, John, 1934-",lcnaf,http://id.loc.gov/authorities/names/n79151708
"Tappan, Benjamin, 1773-1857.",lcnaf,http://id.loc.gov/authorities/names/no90004127
"Tappan, Henry Philip, 1805-1881.",lcnaf,http://id.loc.gov/authorities/names/n79061314
"Tappan, Julia Livingston.",lcnaf,
"Tappes, Shelton, 1911-",lcnaf,
"Tapping, Theodore Hawley, 1889-1969.",lcnaf,
"Taratsas, Euline McCorkle, 1936-2001.",lcnaf,
"Tarbell, Ida M. (Ida Minerva), 1857-1944.",lcnaf,http://id.loc.gov/authorities/names/n50008699
"Tarbell, Jim.",lcnaf,http://id.loc.gov/authorities/names/n95003418
"Tarkington, Booth, 1869-1946.",lcnaf,http://id.loc.gov/authorities/names/n79078124
"Tashian, Jeanne.",lcnaf,
"Tate, Jack B., 1902-",lcnaf,
"Tatlock, Henry, 1848-1942.",lcnaf,
"Tatlock, John S. P. (John Strong Perry), 1876-1948.",lcnaf,http://id.loc.gov/authorities/names/n85145687
"Taube, Skip.",lcnaf,
"Taubman, A. Alfred.",lcnaf,http://id.loc.gov/authorities/names/n2006080382
"Taubman, Samuel, 1915-2004.",lcnaf,
"Tausend, Albert William, 1873-",lcnaf,
"Taussig, Charles William, 1896-1948.",lcnaf,http://id.loc.gov/authorities/names/nr00037078
"Taussig, F. W. (Frank William), 1859-1940.",lcnaf,http://id.loc.gov/authorities/names/n50008647
"Taussig, Frank William, 1859-1940.",lcnaf,http://id.loc.gov/authorities/names/n50008647
"Taverner, Percy Algernon, 1875-1947.",lcnaf,http://id.loc.gov/authorities/names/no98081630
"Taylor, A. E. (Alfred Edward), 1869-1945.",lcnaf,http://id.loc.gov/authorities/names/n79056335
"Taylor, Barton S., b. 1820.",lcnaf,
"Taylor, Charles Coffin, 1805-1855.",lcnaf,
"Taylor, Charles H., b. 1813.",lcnaf,
"Taylor, Earsley.",lcnaf,
"Taylor, Elizabeth Ann Gurney.",lcnaf,
"Taylor, F. M. (Fred Manville), 1855-1932.",lcnaf,http://id.loc.gov/authorities/names/n80009873
"Taylor, George Washington, 1849-",lcnaf,
"Taylor, Graham, 1851-1938.",lcnaf,http://id.loc.gov/authorities/names/n88663023
"Taylor, Helen M.",lcnaf,
"Taylor, Henry Osborn, 1856-1941.",lcnaf,http://id.loc.gov/authorities/names/n50009272
"Taylor, Hobart, 1920-1981.",lcnaf,
"Taylor, Howell, Mrs.",lcnaf,
"Taylor, Hugh Scott, 1890-",lcnaf,
"Taylor, I. Paul, 1887-",lcnaf,
"Taylor, John, 1781-1864.",lcnaf,http://id.loc.gov/authorities/names/n88138866
"Taylor, Malcolm Cameron, 1900-",lcnaf,
"Taylor, Orla Benedict, 1865-1945.",lcnaf,http://id.loc.gov/authorities/names/no2002045724
"Taylor, Pauline, 1901-",lcnaf,
"Taylor, Philo.",lcnaf,
"Taylor, Ralph Wendell.",lcnaf,
"Taylor, S. Vern (Seneca Vern), 1887-1969.",lcnaf,
"Taylor, Sam C.",lcnaf,
"Taylor, Telford.",lcnaf,http://id.loc.gov/authorities/names/n50008430
"Taylor, Wallace.",lcnaf,
"Taylor, William Randolph, 1895-",lcnaf,http://id.loc.gov/authorities/names/n50008435
"Taylor, Zachary, 1784-1850.",lcnaf,http://id.loc.gov/authorities/names/n50008436
"Tazewell, Littleton Waller, 1774-1860.",lcnaf,http://id.loc.gov/authorities/names/n83053015
"Tchaikovsky, Peter Ilich, 1840-1893.",lcnaf,http://id.loc.gov/authorities/names/n79072979
"Teachout, John.",lcnaf,
"Tead, Ordway, 1891-1973.",lcnaf,http://id.loc.gov/authorities/names/n79109206
"Teagle, Walter C. (Walter Clark), 1878-1962",lcnaf,http://id.loc.gov/authorities/names/nr94014360
"Teahan, William.",lcnaf,
"Tealdi, Aubrey.",lcnaf,
"Teed, Florence Ernestine Schleicher, 1901-1954.",lcnaf,
"Teed, Reed Wallace, 1901-1979.",lcnaf,
"Teeri, James.",lcnaf,
"Teggart, Frederick John, 1870-1946.",lcnaf,http://id.loc.gov/authorities/names/n82211004
"Tejada, Irene.",lcnaf,http://id.loc.gov/authorities/names/no2011087529
"Telfer, Laueston Oliver, 1893-",lcnaf,
"Ten Brook, Andrew, 1814-1899.",lcnaf,
"Ten Eyck, Anthony.",lcnaf,http://id.loc.gov/authorities/names/n96052072
"Ten Hoor, Marten, 1890-",lcnaf,http://id.loc.gov/authorities/names/no2012149921
"Tenney, Jack B.",lcnaf,
"Tenny, Mark Wayland.",lcnaf,
"Tennyson, Katharine.",lcnaf,
"Teoli, Alfred.",lcnaf,
"TerHorst, Jerald F.",lcnaf,http://id.loc.gov/authorities/names/n78079519
"Terman, Lewis Madison, 1877-1956.",lcnaf,http://id.loc.gov/authorities/names/n50009919
"Terminiello, Arthur W.",lcnaf,
"Terry, Henry D., 1814-1869.",lcnaf,
"Terry, Janice J.",lcnaf,http://id.loc.gov/authorities/names/n83239059
"Terwilliger, Kent, 1924-1989.",lcnaf,http://id.loc.gov/authorities/names/no91022933
"Tevebaugh, John.",lcnaf,
"Thant, U, 1909-1974.",lcnaf,http://id.loc.gov/authorities/names/n87840768
"Thayer, S. B.",lcnaf,
"Thayer, Walter N. (Walter Nelson), 1910-1989",lcnaf,http://id.loc.gov/authorities/names/no2004066122
"Thayer, William Roscoe, 1859-1923.",lcnaf,http://id.loc.gov/authorities/names/n50007605
"Thieme, Hugo P. (Hugo Paul), 1870-1940.",lcnaf,http://id.loc.gov/authorities/names/n86870418
"Thodis, John G.",lcnaf,
"Thom, Robert A.",lcnaf,http://id.loc.gov/authorities/names/n85801314
"Thomas, Ambroise, 1811-1896.",lcnaf,http://id.loc.gov/authorities/names/n83174781
"Thomas, Calvin, 1854-1919.",lcnaf,http://id.loc.gov/authorities/names/n84800265
"Thomas, Charles, 1937-1994.",lcnaf,
"Thomas, Danny.",lcnaf,http://id.loc.gov/authorities/names/n83154867
"Thomas, Elbert Duncan, 1883-1953.",lcnaf,http://id.loc.gov/authorities/names/n85059791
"Thomas, Emma Mattoon.",lcnaf,
"Thomas, Evan W. (Evan Welling), 1890-1974.",lcnaf,http://id.loc.gov/authorities/names/n90680060
"Thomas, George Henry, 1816-1870.",lcnaf,http://id.loc.gov/authorities/names/n50010168
"Thomas, Henry F., 1843-",lcnaf,
"Thomas, Isiah, 1961-",lcnaf,http://id.loc.gov/authorities/names/n82222001
"Thomas, Jesse O.",lcnaf,
"Thomas, Jonathan.",lcnaf,
"Thomas, Lowell, 1892-1981.",lcnaf,http://id.loc.gov/authorities/names/n79139713
"Thomas, Nathan M. (Nathan Macy), 1803-1887.",lcnaf,
"Thomas, Norman, 1884-1968.",lcnaf,http://id.loc.gov/authorities/names/n50010195
"Thomas, R. J. (Rolland Jay), 1900-1967",lcnaf,http://id.loc.gov/authorities/names/n91014210
"Thomas, Stanton Brown.",lcnaf,
"Thomas, Steven Van Renssler, 1831-1905.",lcnaf,
"Thomason, Samuel Emory, 1883-1944.",lcnaf,
"Thompson, Augusta Louise Rosenthal, b. 1859.",lcnaf,
"Thompson, Benjamin, b. 1805.",lcnaf,
"Thompson, Bradley Martin, 1835-1917.",lcnaf,
"Thompson, Charlie.",lcnaf,
"Thompson, Dorothy, 1894-1961.",lcnaf,
"Thompson, George.",lcnaf,
"Thompson, Harold R.",lcnaf,
"Thompson, Hugh, 1902-",lcnaf,
"Thompson, Hunter S.",lcnaf,http://id.loc.gov/authorities/names/n50008356
"Thompson, James Westfall, 1869-1941.",lcnaf,
"Thompson, O. E., b. 1838.",lcnaf,
"Thompson, Richard W.",lcnaf,
"Thompson, Ruth, 1887-1970.",lcnaf,
"Thompson, William Hale, 1869-1944.",lcnaf,http://id.loc.gov/authorities/names/n97031161
"Thompson, William Oxley, 1855-1933.",lcnaf,http://id.loc.gov/authorities/names/no97030246
"Thomson, J. A.",lcnaf,
"Thomson, James Francis, 1892-",lcnaf,
"Thoreson, Leonard.",lcnaf,
"Thornburgh, Lucille, 1909-",lcnaf,
"Thorndike, Lynn, 1882-1965.",lcnaf,http://id.loc.gov/authorities/names/n50012691
"Thornthwaite, Fred.",lcnaf,
"Thorp, Willard Long, 1899-1992",lcnaf,http://id.loc.gov/authorities/names/n83055947
"Thorpe, Clarence De Witt, 1887-",lcnaf,http://id.loc.gov/authorities/names/no94017314
"Thurber, Gene.",lcnaf,
"Thurber, Henry Thomas, 1853-1904.",lcnaf,
"Thurber, Jefferson G., 1807-1857.",lcnaf,
"Thurmond, Strom, 1902-2003.",lcnaf,http://id.loc.gov/authorities/names/n50011902
"Thwaites, Reuben Gold, 1853-1913.",lcnaf,http://id.loc.gov/authorities/names/n50011908
"Thye, Edward John, 1896-1969",lcnaf,http://id.loc.gov/authorities/names/n80137614
"Tibbitts, Clark, 1903-",lcnaf,
"Tibbitts, Clark, 1903-1985",lcnaf,http://id.loc.gov/authorities/names/n79062832
"Tibbs, Chrystal G.",lcnaf,
"Tice, Carol H.",lcnaf,
"Ticknor, Benajah, 1788-1858.",lcnaf,http://id.loc.gov/authorities/names/n90713560
"Ticknor, George, 1791-1871.",lcnaf,http://id.loc.gov/authorities/names/n50011872
"Tilden, Samuel Jones, 1814-1866.",lcnaf,
"Tillman, Benjamin R. (Benjamin Ryan), 1847-1918.",lcnaf,http://id.loc.gov/authorities/names/n88274946
"Tinkham, Ralph Russell.",lcnaf,http://id.loc.gov/authorities/names/n85294436
"Tinkham, Russell, b. 1845.",lcnaf,
"Tisch, Robert.",lcnaf,
"Tisserant, Eugène, 1884-1972.",lcnaf,
"Tissier, L.",lcnaf,
"Titchener, Edward Bradford, 1867-1927.",lcnaf,http://id.loc.gov/authorities/names/n50012947
"Titiev, Mischa, 1901-1978",lcnaf,http://id.loc.gov/authorities/names/n92004549
"Tito, Josip Broz, 1892-1980.",lcnaf,http://id.loc.gov/authorities/names/n80126204
"Titterington, Paul Francis, 1895-1969.",lcnaf,http://id.loc.gov/authorities/names/n82128879
"Titus, Harold, 1888-1967.",lcnaf,http://id.loc.gov/authorities/names/no2008175553
"Tobin, Daniel J.",lcnaf,
"Tobin, Maurice Joseph, 1901-",lcnaf,
"Tobin, Richard L. (Richard Lardner), 1910-",lcnaf,http://id.loc.gov/authorities/names/n85088795
"Todd, Albert May, 1850-1931.",lcnaf,http://id.loc.gov/authorities/names/n95016564
"Todd, Fred P.",lcnaf,
"Todd, J. Beecher.",lcnaf,
"Todd, J. Liberty.",lcnaf,
"Todd, Laurence, 1882-1957.",lcnaf,http://id.loc.gov/authorities/names/n98075026
"Todd, Michael, 1909-1958.",lcnaf,http://id.loc.gov/authorities/names/n83145036
"Todd, Paul Harold, 1921-2008",lcnaf,http://id.loc.gov/authorities/names/no2009095287
"Todd, Stanton W. (Stanton Wesley), 1908-",lcnaf,
"Todd, Willie.",lcnaf,
"Toll, Isaac D., 1818-1908.",lcnaf,
"Tolles, Frederick Barnes, 1915-1975",lcnaf,http://id.loc.gov/authorities/names/n80006310
"Tolman, Edward Chace, 1886-1959.",lcnaf,http://id.loc.gov/authorities/names/no98069777
"Tolstoy, Alexandra, 1884-1979.",lcnaf,http://id.loc.gov/authorities/names/n50049820
"Tolstoy, Ilga.",lcnaf,
"Tolstoy, Leo, 1828-1910.",lcnaf,http://id.loc.gov/authorities/names/n79068416
"Tomlinson, Mathew.",lcnaf,
"Tomlinson, Owen A., 1882-",lcnaf,
"Toms, Robert Morrell, 1886-1960.",lcnaf,http://id.loc.gov/authorities/names/no2008133262
"Toncray, Richard.",lcnaf,
"Toohy, Helen Safford, 1899-1997.",lcnaf,
"Tooze, Ruth Tibbits, 1901-",lcnaf,
"Tope, Homer W., 1859-1936.",lcnaf,
"Topping, Daniel J.",lcnaf,
"Torres, Emmanuel.",lcnaf,http://id.loc.gov/authorities/names/n82122330
"Tosti, F. Paolo (Francesco Paolo), 1846-1916.",lcnaf,http://id.loc.gov/authorities/names/n81048020
"Tower, Angelo Emery.",lcnaf,
"Tower, John G. (John Goodwin), 1925-1991.",lcnaf,http://id.loc.gov/authorities/names/n84149499
"Tower, Osmond Selwyn, 1839-1910.",lcnaf,
"Towne, Amos C., b. 1818.",lcnaf,
"Towne, Charles Arnette, 1858-1928.",lcnaf,http://id.loc.gov/authorities/names/no2004045055
"Towne, Charles Hanson, 1877-1949.",lcnaf,http://id.loc.gov/authorities/names/n85185588
"Towner, Charles R., 1927-",lcnaf,
"Townley, Sidney D. (Sidney Dean), 1867-1946",lcnaf,http://id.loc.gov/authorities/names/no2009000483
"Townsend, Charles E. (Charles Elroy), 1856-1924.",lcnaf,http://id.loc.gov/authorities/names/no2008188960
"Townsend, Charles Elroy, 1856-1924.",lcnaf,http://id.loc.gov/authorities/names/no2008188960
"Townsend, Francis E. (Francis Everett), 1867-1960.",lcnaf,http://id.loc.gov/authorities/names/no89006406
"Townsend, George H., 1865-",lcnaf,
"Townsend, Lynn A. (Lynn Alfred), 1919-",lcnaf,
"Townsend, T. J., d. 1862.",lcnaf,
"Towsley, Frank A., 1858-1919.",lcnaf,
"Towsley, Harry A.",lcnaf,http://id.loc.gov/authorities/names/n88038325
"Towsley, Margaret Dow, 1906-1994.",lcnaf,
"Towsley, Wilbur D., 1897-1971.",lcnaf,
"Toy, Crawford Howell, 1836-1919.",lcnaf,http://id.loc.gov/authorities/names/nr88004938
"Toy, Harry Stanley, 1892-1955.",lcnaf,
"Toy, James W., 1930-",lcnaf,
"Toynbee, Arnold Joseph, 1889-1975.",lcnaf,http://id.loc.gov/authorities/names/n79071401
"Trafford, Bernard Walton, 1871-1941.",lcnaf,
"Train, Russell E., 1920-2012",lcnaf,http://id.loc.gov/authorities/names/n82039320
"Trammell, Dausie W.",lcnaf,
"Trapido, Harold.",lcnaf,
"Traubel, Horace, 1858-1919.",lcnaf,http://id.loc.gov/authorities/names/n50014670
"Trautman, Paul R.",lcnaf,
"Traver, Aileen.",lcnaf,
"Travis, DeHull N., 1882-1960.",lcnaf,
"Travis, Noble, 1901-",lcnaf,
"Travis, Robert, 1905-1978.",lcnaf,
"Traxinger, Deb.",lcnaf,
"Traxler, Robert.",lcnaf,
"Treadwell, Jerome M., 1823-1863?",lcnaf,
"Treadwell, Seymour Boughton, 1795-1867.",lcnaf,http://id.loc.gov/authorities/names/nr98006464
"Treanor, Arthur Ryan, 1883-1956.",lcnaf,
"Treat, Lucretia Willard, 1842-1904.",lcnaf,
"Trent, Lucia.",lcnaf,
"Trevelyan, George Macaulay, 1876-1962.",lcnaf,http://id.loc.gov/authorities/names/n50011776
"Trevelyan, George Otto, Sir, bart., 1838-1928.",lcnaf,
"Trevor, John B. (John Bond), 1878-1956",lcnaf,http://id.loc.gov/authorities/names/no2008053389
"Trevor, John B., 1909-",lcnaf,http://id.loc.gov/authorities/names/n86842817
"Trevor, John Bond, 1878-",lcnaf,
"Triggs, Oscar Lovell, 1865-1930.",lcnaf,http://id.loc.gov/authorities/names/n96116687
"Trimberger, Frank P.",lcnaf,
"Trippe, Matthew J.",lcnaf,http://id.loc.gov/authorities/names/no00081132
"Trollope, Anthony, 1815-1882.",lcnaf,http://id.loc.gov/authorities/names/n78089077
"Trombley, Edward.",lcnaf,
"Trotman, Alex J.",lcnaf,
"Trotsky, Leon, 1879-1940.",lcnaf,http://id.loc.gov/authorities/names/n79054261
"Trowbridge, C. A.",lcnaf,
"Trowbridge, C. C. (Charles Christopher), 1800-1883.",lcnaf,http://id.loc.gov/authorities/names/n78089041
"Trowbridge, L. S. (Luther Stephen), 1836-1912.",lcnaf,http://id.loc.gov/authorities/names/n82054797
"Trowbridge, Rowland E., 1821-1881.",lcnaf,
"Troyer, Laird J.",lcnaf,
"Trueblood, Thomas C. (Thomas Clarkson), 1856-1951.",lcnaf,http://id.loc.gov/authorities/names/no99024932
"Trueblood, Thomas Clarkson, 1856-1951.",lcnaf,http://id.loc.gov/authorities/names/no99024932
"Truman, Harry S., 1884-1972.",lcnaf,http://id.loc.gov/authorities/names/n79029742
"Truth, Sojourner, d. 1883.",lcnaf,
"Tsang, Daniel, 1949-",lcnaf,http://id.loc.gov/authorities/names/n82002550
"Tsao, Makepeace Uho, collector",lcnaf,
"Tubbs, Lyman.",lcnaf,
"Tucker, Richard, 1913-1975.",lcnaf,http://id.loc.gov/authorities/names/n82099683
"Tuckerman, Edward, 1817-1886.",lcnaf,http://id.loc.gov/authorities/names/n85805162
"Tufts, James Hayden, 1862-1942.",lcnaf,http://id.loc.gov/authorities/names/n91027331
"Tufty, Esther Van Wagoner, d. 1986.",lcnaf,
"Tugwell, Rexford G. (Rexford Guy), 1891-1979",lcnaf,http://id.loc.gov/authorities/names/n50013875
"Tumaeder, Candido.",lcnaf,
"Tumulty, Joseph P. (Joseph Patrick), 1879-1954.",lcnaf,http://id.loc.gov/authorities/names/n85386476
"Tunell, George Gerard.",lcnaf,
"Tunney, James Joseph, 1897-",lcnaf,
"Tuomy, Cornelius L., 1843-1912.",lcnaf,
"Tuomy, Cornelius William, 1886-1966.",lcnaf,
"Tuomy, Julia Ann, 1855-1938.",lcnaf,
"Tuomy, Kathryn Genevieve, 1888-1965.",lcnaf,
"Tuomy, Thomas Kearney.",lcnaf,
"Turcotte, Jeremiah G., 1933-",lcnaf,http://id.loc.gov/authorities/names/n80016050
"Turner, Doris.",lcnaf,
"Turner, Edward Raymond, 1881-1929.",lcnaf,http://id.loc.gov/authorities/names/n88601466
"Turner, Frederick Jackson, 1861-1932.",lcnaf,http://id.loc.gov/authorities/names/n80010489
"Turner, George Kibbe, 1869-1952.",lcnaf,http://id.loc.gov/authorities/names/n93023435
"Turner, James Munroe, 1850-1896.",lcnaf,
"Turner, James, 1820-1869.",lcnaf,
"Turner, James.",lcnaf,
"Turner, Scott, b. 1880.",lcnaf,
"Turner, William F.",lcnaf,
"Tuttle, Arthur J., 1868-1944.",lcnaf,http://id.loc.gov/authorities/names/no2009002479
"Tuttle, Elbert P. (Elbert Parr), 1897-1996",lcnaf,http://id.loc.gov/authorities/names/n93011412
"Tuttle, Frank B., 1885-",lcnaf,
"Tuttle, John J., b. 1812.",lcnaf,
"Tuttle, Mildred L.",lcnaf,
"Tuttle, Ogden Valorous, 1842-1916.",lcnaf,
"Tuve, Merle Antony, 1901-1982.",lcnaf,http://id.loc.gov/authorities/names/n83001582
"Twain, Mark, 1835-1910.",lcnaf,http://id.loc.gov/authorities/names/n79021164
"Twente, John W.",lcnaf,
"Twining, Herbert H., 1900-1971.",lcnaf,
"Twining, Robert",lcnaf,
"Tydings, Joseph Davies, 1928-",lcnaf,http://id.loc.gov/authorities/names/n87870657
"Tydings, Millard E.",lcnaf,
"Tyler, Dorothy.",lcnaf,
"Tyler, John, 1790-1862.",lcnaf,http://id.loc.gov/authorities/names/n50081085
"Tyler, John, 1841-1889.",lcnaf,
"Tyler, Moses Coit, 1835-1900.",lcnaf,http://id.loc.gov/authorities/names/n50017038
"Tyner, Paul.",lcnaf,
"Tyroler, Charles.",lcnaf,http://id.loc.gov/authorities/names/n84005848
"Udall, Morris K.",lcnaf,http://id.loc.gov/authorities/names/n50046797
"Udall, Stewart L.",lcnaf,http://id.loc.gov/authorities/names/n50046798
"Ueberweg, Friedrich, 1826-1871.",lcnaf,http://id.loc.gov/authorities/names/n85260751
"Ufer, Robert Pormann, 1920-1981.",lcnaf,
"Uhlenbeck, George Eugène, 1900-1988.",lcnaf,http://id.loc.gov/authorities/names/nb2007017534
"Ulich, Robert, 1890-1977",lcnaf,http://id.loc.gov/authorities/names/n50046818
"Ulrich, Fred.",lcnaf,
"Ulrici, Hermann, 1806-1884.",lcnaf,http://id.loc.gov/authorities/names/nr95007910
"Ulveling, Ralph Adrian, 1902-",lcnaf,
"Unangst, Joel.",lcnaf,
"Underwood, Frederick Douglas, d. 1942.",lcnaf,
"Underwood, Oscar Wilder, 1862-1929.",lcnaf,http://id.loc.gov/authorities/names/n79109158
"Underwood, W. A.",lcnaf,
"Ungermann, Charles William, d. 1968.",lcnaf,
"Untermeyer, Louis, 1885-1977.",lcnaf,
"Upatnieks, Juris.",lcnaf,
"Updike, John.",lcnaf,http://id.loc.gov/authorities/names/n79018616
"Upjohn, E. Gifford.",lcnaf,
"Upjohn, Gratia Clough, 1874-1957.",lcnaf,
"Upjohn, Henry Uriah, 1843-1887.",lcnaf,
"Upjohn, James T.",lcnaf,
"Upjohn, Lawrence Northcote, 1873-1967.",lcnaf,
"Upjohn, Millie Kirby, 1852-1920.",lcnaf,
"Upjohn, Uriah, 1808-1896.",lcnaf,
"Upjohn, William E.",lcnaf,
"Upjohn, William, 1770-1847.",lcnaf,http://id.loc.gov/authorities/names/nr96020838
"Upjohn, William, 1807-1887.",lcnaf,
"Upson, Charles, 1821-1885.",lcnaf,http://id.loc.gov/authorities/names/no2009052063
"Upson, Lent Dayton, 1886-1949.",lcnaf,http://id.loc.gov/authorities/names/no00082472
"Urban, Otto.",lcnaf,
"Urbistondo, Macario.",lcnaf,
"Urey, Harold Clayton, 1893-1981.",lcnaf,http://id.loc.gov/authorities/names/n85800535
"Uspensky, J. V. (James Victor), b. 1883.",lcnaf,http://id.loc.gov/authorities/names/n86864668
"Utley, Freda, 1898-",lcnaf,
"Utley, Henry Munson, 1836-1917.",lcnaf,
"Utley, Stuart Wells, 1879-",lcnaf,
"Vail, Aaron.",lcnaf,
"Vainstein, Rose, 1920-",lcnaf,http://id.loc.gov/authorities/names/n81132597
"Vakalo, Kathleen L.",lcnaf,http://id.loc.gov/authorities/names/n90646194
"Valbin, Joseph.",lcnaf,
"Vallance, William Roy, 1887-1967.",lcnaf,
"Vallée, Rudy, 1901-1986",lcnaf,http://id.loc.gov/authorities/names/n82152282
"Van Arnem, Heidi.",lcnaf,
"Van Artsdalen, Ervin R.",lcnaf,http://id.loc.gov/authorities/names/n89655623
"Van Buren, Anson DePuy.",lcnaf,
"Van Buren, Martin, 1782-1862.",lcnaf,http://id.loc.gov/authorities/names/n80057180
"Van Buren, Paul Matthews, 1924-",lcnaf,http://id.loc.gov/authorities/names/n79145704
"Van Coevering, Jack, 1900-",lcnaf,
"Van Coevering, Jack.",lcnaf,
"Van Deman, Henry Elias, 1845-1915.",lcnaf,http://id.loc.gov/authorities/names/n00113369
"Van Denburgh, John, 1872-1924.",lcnaf,http://id.loc.gov/authorities/names/n88611893
"Van Doren, Carl, 1885-1950.",lcnaf,
"Van Doren, Mark, 1894-1972.",lcnaf,http://id.loc.gov/authorities/names/n79100719
"Van Dusen, Charles Belden, 1871-1958.",lcnaf,
"Van Dusen, Henry P. (Henry Pitney), 1897-1975.",lcnaf,http://id.loc.gov/authorities/names/n90696205
"Van Dusen, Richard C. (Richard Campbell), 1925-",lcnaf,
"Van Dusen, Richard C. (Richard Campbell), 1925-1991",lcnaf,http://id.loc.gov/authorities/names/no2010047315
"Van Dyke, Henry, 1852-1933.",lcnaf,http://id.loc.gov/authorities/names/n50045062
"Van Hise, Charles Richard, 1857-1918.",lcnaf,http://id.loc.gov/authorities/names/n85334158
"Van Hoosen, Bertha, 1863-1952",lcnaf,http://id.loc.gov/authorities/names/n80009746
"Van Houweling, Douglas E.",lcnaf,http://id.loc.gov/authorities/names/n93110219
"Van Koevering, Adrian, 1874-1960.",lcnaf,
"Van Loon, Hendrik Willem, 1882-1944.",lcnaf,http://id.loc.gov/authorities/names/n50046677
"Van Meter, Margie J.",lcnaf,
"Van Meter, Margie J., 1937-",lcnaf,http://id.loc.gov/authorities/names/n81111806
"Van Osdel, Oliver Willis, 1846-1935.",lcnaf,
"Van Pelt, George W.",lcnaf,
"Van Peursem, George M.",lcnaf,
"Van Poperin, Joan.",lcnaf,
"Van Raalte, Albertus C. (Albertus Christiaan), 1811-1876.",lcnaf,http://id.loc.gov/authorities/names/no93011331
"Van Schaick, Louis J.",lcnaf,
"Van Shaick, Louis J.",lcnaf,
"Van Tyne, Claude Halstead, 1869-1930.",lcnaf,http://id.loc.gov/authorities/names/n50046690
"Van Tyne, Helen Belfield Bates.",lcnaf,
"Van Tyne, Isabel.",lcnaf,
"Van Tyne, Josselyn, 1902-1957.",lcnaf,http://id.loc.gov/authorities/names/n90706601
"Van Urk, Thomas.",lcnaf,
"Van Valin, Amos.",lcnaf,
"Van Vleck, J. H. (John Hasbrouck), 1899-1980",lcnaf,http://id.loc.gov/authorities/names/n85803680
"Van Wagoner, Murray Delos, 1898-",lcnaf,
"Van Wagoner, Murray.",lcnaf,http://id.loc.gov/authorities/names/n2007009148
"Van Wylen, Gordon John.",lcnaf,
"Van Zile, Philip T. (Philip Taylor), 1843-1917.",lcnaf,http://id.loc.gov/authorities/names/n85240920
"Van Zoeren, Jay.",lcnaf,
"Van Zoeren, Tom",lcnaf,
"Van den Broek, John Abraham, 1885-",lcnaf,
"Van der Velde, Jack C.",lcnaf,
"Van ver Velde, Jack",lcnaf,
"VanOstenburg, Neal.",lcnaf,
"Vandenberg, Arthur H. (Arthur Hendrick), 1884-1951.",lcnaf,http://id.loc.gov/authorities/names/n50045033
"Vandenberg, Arthur Hendrick, 1907-1968.",lcnaf,http://id.loc.gov/authorities/names/no2008112511
"Vandenberg, Hazel Whittaker, 1882-1950.",lcnaf,
"Vandenberg, William C.",lcnaf,
"Vander Jagt, Guy, 1931-2007.",lcnaf,http://id.loc.gov/authorities/names/n78072062
"Vander Veen, Arand.",lcnaf,
"Vander Velde, Lewis G. (Lewis George), 1890-1975.",lcnaf,http://id.loc.gov/authorities/names/no98120235
"Vander Velde, Lewis George, 1890-1975.",lcnaf,http://id.loc.gov/authorities/names/no98120235
"Vander Werp, Don, 1885-",lcnaf,
"Vander Woude, Florence.",lcnaf,
"Vander Zee, A.",lcnaf,
"VanderLaan, Robert.",lcnaf,
"VanderVeen, Richard Franklin, 1922-",lcnaf,
"Vanderbilt, Arthur T., 1888-1957.",lcnaf,http://id.loc.gov/authorities/names/n80082552
"Vanderbilt, Cornelius, 1898-1974",lcnaf,http://id.loc.gov/authorities/names/n50053296
"Vanderbilt, Neil.",lcnaf,
"Vandercook, Roy C.",lcnaf,
"Vandercook, Roy C., 1873-",lcnaf,
"Vare, Wm. S. (William Scott), 1867-1934",lcnaf,http://id.loc.gov/authorities/names/no2008059379
"Vargas, George.",lcnaf,http://id.loc.gov/authorities/names/no2007116269
"Varner, Nellie M.",lcnaf,
"Varney, Robert Nathan, 1910-",lcnaf,
"Varonich, Linda.",lcnaf,
"Vasey, Wayne.",lcnaf,
"Vaughan Williams, Ralph, 1872-1958.",lcnaf,http://id.loc.gov/authorities/names/n79139255
"Vaughan, Coleman C., 1857-",lcnaf,
"Vaughan, Harold M.",lcnaf,
"Vaughan, Henry F. (Henry Frieze), 1889-1979",lcnaf,http://id.loc.gov/authorities/names/no2010188324
"Vaughan, Henry Frieze, 1889-",lcnaf,
"Vaughan, Victor C. (Victor Clarence), 1851-1929.",lcnaf,http://id.loc.gov/authorities/names/n85804361
"Vaughn, Jackie.",lcnaf,
"Vaughn, Marian.",lcnaf,
"Vaus, Jim.",lcnaf,http://id.loc.gov/authorities/names/no99031815
"Vaux, Henry J. (Henry James), 1912-2000",lcnaf,http://id.loc.gov/authorities/names/n82204969
"Veblen, Thorstein, 1857-1929.",lcnaf,http://id.loc.gov/authorities/names/n79055669
"Veering, Jan.",lcnaf,
"Vega, Art, 1910-",lcnaf,
"Velde, Harold Himmel, 1910-1985",lcnaf,http://id.loc.gov/authorities/names/n88120806
"Veltman, Martinus.",lcnaf,
"Ver Steeg, Clarence Lester, 1922-",lcnaf,http://id.loc.gov/authorities/names/n79089102
"VerMeulen, James.",lcnaf,
"Verwey, Willard Foster, 1913-1979.",lcnaf,
"Vess, Ray.",lcnaf,
"Vest, Charles M.",lcnaf,http://id.loc.gov/authorities/names/n78045717
"Vest, George Graham, 1830-1904.",lcnaf,http://id.loc.gov/authorities/names/n86824877
"Vestal, Albert Henry, 1875-1932.",lcnaf,http://id.loc.gov/authorities/names/n91072074
"Vibbert, Charles Bruce, 1877-1950.",lcnaf,
"Victor, Frances Fuller, 1826-1902.",lcnaf,http://id.loc.gov/authorities/names/n81094256
"Victor, Metta Victoria Fuller, 1831-1885.",lcnaf,http://id.loc.gov/authorities/names/n79043623
"Viereck, Peter, 1916-2006",lcnaf,http://id.loc.gov/authorities/names/n50019669
"Villard, Fanny Garrison, 1844-1928.",lcnaf,http://id.loc.gov/authorities/names/n90710502
"Villard, Oswald Garrison, 1872-1949.",lcnaf,http://id.loc.gov/authorities/names/n50014002
"Vincent, Bird J., 1880-1931",lcnaf,http://id.loc.gov/authorities/names/no2008059397
"Vincent, George E. (George Edgar), 1864-1941.",lcnaf,http://id.loc.gov/authorities/names/n86041190
"Vincent, John Heyl, 1832-1920.",lcnaf,http://id.loc.gov/authorities/names/n86114625
"Vinovskis, Maris.",lcnaf,
"Vinson, Carl, 1883-1981.",lcnaf,http://id.loc.gov/authorities/names/n81063176
"Vinson, Fred M., 1890-1953.",lcnaf,http://id.loc.gov/authorities/names/n88059205
"Vivian, Weston Edward, 1924-",lcnaf,
"Vodrey, William Henry.",lcnaf,
"Voelker, John D. (John Donaldson), 1903-1991",lcnaf,http://id.loc.gov/authorities/names/n93026198
"Vogel, Elvira.",lcnaf,
"Voght, Edward C.",lcnaf,
"Volkmann, Robert, 1815-1883.",lcnaf,http://id.loc.gov/authorities/names/n84041964
"Vollenhaven, C. V.",lcnaf,
"Volstead, Andrew John, 1860-1947.",lcnaf,http://id.loc.gov/authorities/names/no2014001088
"Von Braun, Wernher, 1912-1977.",lcnaf,http://id.loc.gov/authorities/names/n79114065
"Vonnegut, Kurt.",lcnaf,http://id.loc.gov/authorities/names/n79062641
"Voorhies, Paul Warren, 1875-1952.",lcnaf,
"Voorhis, Jerry, 1901-1984",lcnaf,http://id.loc.gov/authorities/names/n50013124
"Vorhees, Donald, 1903-1989.",lcnaf,
"Vorys, John Martin, 1896-1968.",lcnaf,http://id.loc.gov/authorities/names/n00066711
"Vose, George.",lcnaf,
"Waddell, J. A. L. (John Alexander Low), 1854-1938.",lcnaf,http://id.loc.gov/authorities/names/n91087096
"Wade, Benjamin Franklin, 1800-1878.",lcnaf,http://id.loc.gov/authorities/names/n85367522
"Wade, Chauncey C.",lcnaf,
"Wade, James Henry, 1834-1924.",lcnaf,
"Wade, Raymond J., Bishop, 1875-",lcnaf,
"Wadsworth, A. S.",lcnaf,http://id.loc.gov/authorities/names/n94060171
"Wadsworth, M. Edward (Marshman Edward), 1847-1921.",lcnaf,http://id.loc.gov/authorities/names/n85086209
"Waggoner, Raymond W. (Raymond Walter), 1901-",lcnaf,
"Waggoner, Raymond W. (Raymond Walter), 1901-2000.",lcnaf,
"Wagman, Frederick H.",lcnaf,
"Wagner, Frank Caspar, 1864-1928.",lcnaf,
"Wagner, Henry Raup, 1862-1957.",lcnaf,http://id.loc.gov/authorities/names/n50021346
"Wagner, John Addington, 1914-",lcnaf,
"Wagner, Robert F. (Robert Ferdinand), 1877-1953.",lcnaf,http://id.loc.gov/authorities/names/n91014000
"Wagner, Robert F. (Robert Ferdinand), 1910-1991.",lcnaf,http://id.loc.gov/authorities/names/n85173210
"Wagner, Rudolph.",lcnaf,
"Wagner, Warren H. (Warren Herbert), 1920-2000",lcnaf,http://id.loc.gov/authorities/names/n81007025
"Wahr, Frederick B. (Frederick Burkhart), b.1889.",lcnaf,http://id.loc.gov/authorities/names/nr90003530
"Wahr, George, b. 1861.",lcnaf,
"Wainwright, Jonathan Mayhew, 1883-1953.",lcnaf,http://id.loc.gov/authorities/names/n81050307
"Wait, Clara Hadley.",lcnaf,
"Wait, William H. (William Henry)",lcnaf,http://id.loc.gov/authorities/names/n86802029
"Waite, John Barker, 1882-",lcnaf,
"Waite, John Barker, 1882-1967",lcnaf,http://id.loc.gov/authorities/names/n50021368
"Wakefield, Sherman Day, 1894-1971.",lcnaf,http://id.loc.gov/authorities/names/n97023784
"Walcott, Jesse P., 1893-",lcnaf,
"Wald, Alan M., 1946-",lcnaf,http://id.loc.gov/authorities/names/n77016260
"Wald, Lillian D., 1867-1940.",lcnaf,http://id.loc.gov/authorities/names/n82074090
"Walden, Paul, 1863-1957.",lcnaf,
"Waldo, Dwight Bryant, 1864-1939.",lcnaf,http://id.loc.gov/authorities/names/no2014016709
"Waldron, Henry, 1819-1880.",lcnaf,
"Waldron, Robert E.",lcnaf,
"Waldteufel, Emil, 1837-1915.",lcnaf,http://id.loc.gov/authorities/names/n81140081
"Walker, Albert Henry, 1844-1915.",lcnaf,http://id.loc.gov/authorities/names/n80045978
"Walker, Aldace F., 1842-1901.",lcnaf,http://id.loc.gov/authorities/names/no90002327
"Walker, Bryant, 1856-1936.",lcnaf,
"Walker, Charles I. (Charles Irish)",lcnaf,
"Walker, Charles I. (Charles Irish), 1814-1895.",lcnaf,http://id.loc.gov/authorities/names/n85363414
"Walker, Chester, Mrs.",lcnaf,
"Walker, Edward Carey, 1820-1894.",lcnaf,
"Walker, George D., 1820-1863.",lcnaf,
"Walker, Henry N. (Henry Nelson), 1811-1886.",lcnaf,http://id.loc.gov/authorities/names/no00080557
"Walker, Henry Nelson, 1811-1886.",lcnaf,http://id.loc.gov/authorities/names/no00080557
"Walker, Jack L.",lcnaf,http://id.loc.gov/authorities/names/n91063616
"Walker, John G. (John Grimes), 1835-1907.",lcnaf,
"Walker, Louis Carlisle, 1875-1963.",lcnaf,http://id.loc.gov/authorities/names/no2008189997
"Walker, Mary.",lcnaf,
"Walker, Moses L.",lcnaf,
"Walker, Williston, 1860-1922.",lcnaf,http://id.loc.gov/authorities/names/n50024281
"Wallace, Clayton Morey, 1897-",lcnaf,
"Wallace, DeWitt, 1889-1981.",lcnaf,http://id.loc.gov/authorities/names/no90007123
"Wallace, George C. (George Corley), 1919-1998.",lcnaf,http://id.loc.gov/authorities/names/n82048664
"Wallace, George John, 1906-",lcnaf,http://id.loc.gov/authorities/names/n79094658
"Wallace, Henry Agard, 1888-1965.",lcnaf,http://id.loc.gov/authorities/names/n80002425
"Wallace, Henry Cantwell, 1866-1924.",lcnaf,http://id.loc.gov/authorities/names/n50024243
"Wallace, Mike, 1918-2012.",lcnaf,http://id.loc.gov/authorities/names/n81035566
"Wallace, Richard J.",lcnaf,
"Wallace, W. Atwood.",lcnaf,
"Wallace, William Henry, 1861-1933.",lcnaf,
"Wallemann, Frank, 1902-",lcnaf,
"Wallenberg, Raoul, 1912-1947.",lcnaf,http://id.loc.gov/authorities/names/n79125870
"Wallenberg, Raoul.",lcnaf,
"Waller, Judith C. (Judith Cary), 1889-1973",lcnaf,http://id.loc.gov/authorities/names/no2010113234
"Waln, Nora.",lcnaf,http://id.loc.gov/authorities/names/n92050893
"Walsh, David Ignatius, 1872-1947.",lcnaf,http://id.loc.gov/authorities/names/n88274249
"Walsh, Frank R.",lcnaf,
"Walsh, John Klaerr, 1887-1964.",lcnaf,
"Walsh, Patricia M., 1910-1998.",lcnaf,
"Walsh, Thomas James, 1859-1933.",lcnaf,http://id.loc.gov/authorities/names/n87890043
"Walter, Erich A., (Erich Albert), 1897-1977.",lcnaf,http://id.loc.gov/authorities/names/no2006093828
"Walter, Erich Albert.",lcnaf,
"Walter, Robert E., b. 1877.",lcnaf,
"Walther, G. von.",lcnaf,
"Walton, Genevieve Maria Julia, 1857-",lcnaf,
"Walton, Ivan.",lcnaf,http://id.loc.gov/authorities/names/n82048840
"Wanamaker, John, 1838-1922.",lcnaf,http://id.loc.gov/authorities/names/n50026487
"Waples, Rufus, 1825-1902.",lcnaf,http://id.loc.gov/authorities/names/n87856606
"Ward, Angela Gizzi, 1910-",lcnaf,
"Ward, Chester Charles.",lcnaf,http://id.loc.gov/authorities/names/n79102779
"Ward, David, 1822-1900.",lcnaf,
"Ward, Eber Brock, 1811-1873.",lcnaf,
"Ward, Eber Brock, d. 1873.",lcnaf,
"Ward, Henry A. (Henry Augustus), 1834-1906.",lcnaf,http://id.loc.gov/authorities/names/n86860264
"Ward, Henry Baldwin, 1865-1945.",lcnaf,http://id.loc.gov/authorities/names/n87816194
"Ward, Henshaw, 1872-1935.",lcnaf,http://id.loc.gov/authorities/names/no00010145
"Ward, Joann.",lcnaf,http://id.loc.gov/authorities/names/n97104542
"Ward, Lee J.",lcnaf,
"Ward, Lester Frank, 1841-1913.",lcnaf,http://id.loc.gov/authorities/names/n50021714
"Ward, Marcus Llewellyn, 1875-1963.",lcnaf,
"Ward, Robert Elmer.",lcnaf,http://id.loc.gov/authorities/names/n84038757
"Ware, Richard A. (Richard Anderson)",lcnaf,http://id.loc.gov/authorities/names/n85161428
"Warhol, Andy, 1928-1987.",lcnaf,http://id.loc.gov/authorities/names/n79122680
"Waring, Fred, 1900-1984.",lcnaf,http://id.loc.gov/authorities/names/n81109244
"Warner, Frederick Maltby, 1865-1923.",lcnaf,http://id.loc.gov/authorities/names/n88022440
"Warner, Jack L., 1892-1978.",lcnaf,http://id.loc.gov/authorities/names/n85378842
"Warner, Langdon, 1881-1955.",lcnaf,http://id.loc.gov/authorities/names/n91005171
"Warner, Mark T. (Mark Thomas), 1889-1975.",lcnaf,http://id.loc.gov/authorities/names/no00069314
"Warner, P. Dean (Pascal Dean), 1822-1910.",lcnaf,http://id.loc.gov/authorities/names/no2012036235
"Warner, Robert M. (Robert Mark), 1927-2007.",lcnaf,http://id.loc.gov/authorities/names/n80030604
"Warner, Robert Mark, 1927-",lcnaf,
"Warner, Walter, b. 1816.",lcnaf,
"Warner, William, 1812-1868.",lcnaf,http://id.loc.gov/authorities/names/nr95025544
"Warren, Austin, 1899-1986.",lcnaf,http://id.loc.gov/authorities/names/n50028320
"Warren, Charles Beecher, 1870-1936.",lcnaf,
"Warren, Charles.",lcnaf,
"Warren, Earl, 1891-1974.",lcnaf,http://id.loc.gov/authorities/names/n50028322
"Warren, Fiske, 1862-1938.",lcnaf,http://id.loc.gov/authorities/names/no99068589
"Warren, Herbert Langford, 1857-1917.",lcnaf,http://id.loc.gov/authorities/names/no98084887
"Warren, Howard Crosby, 1867-1934.",lcnaf,http://id.loc.gov/authorities/names/n88640196
"Warshay, Diana.",lcnaf,
"Warthin, Aldred Scott, 1866-1931.",lcnaf,http://id.loc.gov/authorities/names/n79062897
"Wasem, E.",lcnaf,
"Wasem, Ruth Ellen.",lcnaf,http://id.loc.gov/authorities/names/nr99015096
"Washburn, Abbott McConnell, 1915-",lcnaf,
"Washburn, Margaret Floy, 1871-1939.",lcnaf,http://id.loc.gov/authorities/names/n88603030
"Washburn, William Drew, 1831-1912.",lcnaf,http://id.loc.gov/authorities/names/no90005691
"Washington, Booker T., 1856-1915.",lcnaf,http://id.loc.gov/authorities/names/n79063604
"Washington, Forrester B.",lcnaf,
"Washington, Margaret James Murray, 1861-1925.",lcnaf,http://id.loc.gov/authorities/names/n85307536
"Waterhouse, Frederick Herschel.",lcnaf,
"Waterman, Alan Tower, 1892-1967",lcnaf,http://id.loc.gov/authorities/names/n96091562
"Waterman, Homer D.",lcnaf,
"Waterman, Leroy, 1875-1972.",lcnaf,http://id.loc.gov/authorities/names/n86800601
"Waterman, Margaret L.",lcnaf,
"Waterman, Merwin H. (Merwin Howe), 1903-",lcnaf,http://id.loc.gov/authorities/names/n89623204
"Waters, D. R.",lcnaf,
"Waters, Martha.",lcnaf,
"Waters, Otis.",lcnaf,
"Watkins, Charles W., b. 1844.",lcnaf,
"Watkins, Erwin C., b. 1839.",lcnaf,
"Watkins, Herbert Gale, 1889-1967.",lcnaf,
"Watkins, James K., 1887-",lcnaf,
"Watkins, Lucius Whitney, 1873-",lcnaf,
"Watkins, Victor.",lcnaf,
"Watson, Albert G.",lcnaf,
"Watson, Andrew S., 1920-1998.",lcnaf,
"Watson, Andrew.",lcnaf,
"Watson, Annette Waite.",lcnaf,
"Watson, Claude A., 1885-",lcnaf,
"Watson, Goodwin, 1899-1976",lcnaf,http://id.loc.gov/authorities/names/n50021881
"Watson, James C. (James Craig), 1838-1880.",lcnaf,http://id.loc.gov/authorities/names/n86858998
"Watson, James E., 1863-1948.",lcnaf,http://id.loc.gov/authorities/names/n91072078
"Watson, Maud E.",lcnaf,
"Watson, Russell, 1891-",lcnaf,
"Watt, James, 1911-",lcnaf,
"Watts, Frank B.",lcnaf,http://id.loc.gov/authorities/names/n93060574
"Waybright, Edgar.",lcnaf,
"Wead, Charles Kasson, 1848-1925.",lcnaf,
"Weatherly, Arthur.",lcnaf,
"Weaver, Bennett, 1892-1970.",lcnaf,http://id.loc.gov/authorities/names/no2014168522
"Weaver, Richard L. (Richard Lee), 1911-1964.",lcnaf,
"Weaver, Robert C. (Robert Clifton), 1907-1997",lcnaf,http://id.loc.gov/authorities/names/n50023766
"Webb, Beatrice Potter, 1858-1943.",lcnaf,http://id.loc.gov/authorities/names/n79060987
"Webber, George W., b. 1825.",lcnaf,
"Webber, Gordon, 1912-1986.",lcnaf,
"Webber, Gordon.",lcnaf,http://id.loc.gov/authorities/names/nr94024951
"Webber, Oscar--Homes and haunts.",lcnaf,
"Webber, Oscar.",lcnaf,
"Webber, William Lewis, 1825-1901.",lcnaf,
"Weber, Al H., 1870-",lcnaf,
"Weber, Erwin William, 1892-1918.",lcnaf,
"Weber, Harry Behr, 1889-1969.",lcnaf,
"Weber, Paul W.",lcnaf,
"Weber, William Christian (1852-1952)",lcnaf,
"Weber, William Christian, 1853-1952.",lcnaf,
"Webster, Daniel, 1782-1852.",lcnaf,http://id.loc.gov/authorities/names/n80034929
"Wechsberg, Joseph, 1907-1983",lcnaf,http://id.loc.gov/authorities/names/n79060187
"Wechsler, Nancy.",lcnaf,http://id.loc.gov/authorities/names/n82044747
"Weddell, James, 1787-1834.",lcnaf,http://id.loc.gov/authorities/names/n86841443
"Weddige, Emil, 1907-",lcnaf,
"Wedemeyer, Albert C. (Albert Coady), 1896-1989",lcnaf,http://id.loc.gov/authorities/names/n82232711
"Wedemeyer, William Walter, 1873-1913.",lcnaf,http://id.loc.gov/authorities/names/no2008188959
"Weech, William Nassau, 1878-",lcnaf,
"Weed, Caroline.",lcnaf,
"Weed, Thurlow, 1797-1882.",lcnaf,http://id.loc.gov/authorities/names/n82098843
"Weeks, Edward Augustus, 1898-",lcnaf,
"Weeks, John W.",lcnaf,
"Weeks, Robert P. (Robert Percy), 1915-",lcnaf,http://id.loc.gov/authorities/names/n87151132
"Weeks, Sinclair, 1892-",lcnaf,
"Wegman, Myron E.",lcnaf,
"Wegman, Myron E., 1908-",lcnaf,http://id.loc.gov/authorities/names/n98801972
"Weideman, Carl May, 1898-1972.",lcnaf,
"Weigant, Lee.",lcnaf,
"Weikart, David P.",lcnaf,http://id.loc.gov/authorities/names/n80006283
"Weil, Louis A., 1878-1959.",lcnaf,
"Weill, Kurt, 1900-1950--Lost in the stars.",lcnaf,
"Weinberg, Adolph.",lcnaf,
"Weinberg, Barbara, 1950-",lcnaf,http://id.loc.gov/authorities/names/n80003072
"Weinberg, Gerhard L.",lcnaf,http://id.loc.gov/authorities/names/n79122363
"Weinberg, Max L.",lcnaf,
"Weinberger, Harry, 1888-",lcnaf,http://id.loc.gov/authorities/names/n86829540
"Weinman, Adolph Alexander, 1870-1952.",lcnaf,http://id.loc.gov/authorities/names/nr99024516
"Weinman, Richard.",lcnaf,
"Weinstein, Arnold.",lcnaf,
"Weiss, Janet A.",lcnaf,http://id.loc.gov/authorities/names/n84137233
"Weissert, Charles Adam, 1878-1947.",lcnaf,
"Weisskopf, Thomas E.",lcnaf,
"Welch, Kenneth Curtis, 1891-1973.",lcnaf,
"Welch, Robert.",lcnaf,
"Welch, William Henry, 1850-1934.",lcnaf,http://id.loc.gov/authorities/names/n84804910
"Weller, Carl Vernon, 1887-1969",lcnaf,http://id.loc.gov/authorities/names/n2012022380
"Weller, Charles Frederick, 1870-1957.",lcnaf,
"Welles, Orson, 1915-1985.",lcnaf,http://id.loc.gov/authorities/names/n79018425
"Welles, Sumner, 1892-1961.",lcnaf,http://id.loc.gov/authorities/names/n50002952
"Wells, Albert, b. 1835.",lcnaf,
"Wells, Carlton F. (Carlton Frank), 1898-",lcnaf,http://id.loc.gov/authorities/names/n88172274
"Wells, David Ames, 1828-1898.",lcnaf,http://id.loc.gov/authorities/names/n50002480
"Wells, H. G. (Herbert George), 1866-1946.",lcnaf,http://id.loc.gov/authorities/names/n79063613
"Wells, William Palmer, 1831-1891.",lcnaf,
"Welsh, George Wilson, 1883-1974.",lcnaf,
"Weltner, Charles Longstreet.",lcnaf,http://id.loc.gov/authorities/names/n82159051
"Welton, Alanson W.",lcnaf,
"Wendell, Jacob A. T., 1826-1879.",lcnaf,
"Wendt, Gerald, 1891-",lcnaf,http://id.loc.gov/authorities/names/no00029854
"Wendte, Charles W. (Charles William), 1844-1931.",lcnaf,http://id.loc.gov/authorities/names/n79063656
"Wendte, Charles William, 1844-1931.",lcnaf,http://id.loc.gov/authorities/names/n79063656
"Wenger, Christian Nat, 1886-",lcnaf,
"Wenley, A. G. (Archibald Gibson), 1898-1962",lcnaf,http://id.loc.gov/authorities/names/nr00024638
"Wenley, R. M. (Robert Mark), 1861-1929.",lcnaf,http://id.loc.gov/authorities/names/nr00017036
"Wenley, Robert M. (Robert Mark), 1861-1929.",lcnaf,http://id.loc.gov/authorities/names/nr00017036
"Wenley, Robert Mark, 1861-1929.",lcnaf,http://id.loc.gov/authorities/names/nr00017036
"Werling, Donn Paul.",lcnaf,http://id.loc.gov/authorities/names/n99282154
"Werner, Frederick.",lcnaf,
"Werner, Margretha.",lcnaf,
"Werner, William A.",lcnaf,
"Werner, William A., 1930-",lcnaf,
"Wernette, J. Philip (John Philip), 1903-1988.",lcnaf,
"Wertheimer, Barbara M.",lcnaf,http://id.loc.gov/authorities/names/n80056626
"Wertman, Bert F.",lcnaf,
"Wesselius, Sybrant, b. 1859.",lcnaf,
"West, Roy Owen, 1868-1958.",lcnaf,http://id.loc.gov/authorities/names/n97066183
"West, Russell.",lcnaf,
"Westbrook, Lawrence, 1889-1964.",lcnaf,
"Westerberg, Martha R.",lcnaf,
"Westerman, Fred.",lcnaf,
"Westerman, Leland.",lcnaf,
"Weston, B. F. (Benjamin Frank), d. 1916.",lcnaf,
"Weston, Isaac M. (Isaac Mellen), 1845-1898.",lcnaf,
"Weston, Isaac M. (Isaac Mellen), 1845-1899.",lcnaf,
"Weston, J. W.",lcnaf,
"Weston, William, 1810-1882.",lcnaf,
"Wetherbee, Herbert T., b. 1886.",lcnaf,
"Wetherill, Samuel Price.",lcnaf,
"Wethey, Harold E. (Harold Edwin), 1902-1984.",lcnaf,http://id.loc.gov/authorities/names/n85306965
"Weurth, Rose Allmendinger.",lcnaf,
"Weygandt, Cornelius, 1871-1957.",lcnaf,http://id.loc.gov/authorities/names/n79071329
"Weyher, Harry Frederick, 1921-",lcnaf,http://id.loc.gov/authorities/names/n84183893
"Weyl, Woldemar A. (Woldemar Anatol), 1901-",lcnaf,http://id.loc.gov/authorities/names/no96004502
"Whalen, Grover A. (Grover Aloysius), 1886-1962",lcnaf,http://id.loc.gov/authorities/names/n93013715
"Wheat, Renville.",lcnaf,
"Wheeler, Albert Harold, 1915-1994.",lcnaf,
"Wheeler, Basil.",lcnaf,
"Wheeler, Benjamin Ide, 1854-1927.",lcnaf,http://id.loc.gov/authorities/names/n97114055
"Wheeler, Burton K. (Burton Kendall), 1882-1975.",lcnaf,http://id.loc.gov/authorities/names/n87890337
"Wheeler, Clara Marian, 1861-1946.",lcnaf,
"Wheeler, Edith M.",lcnaf,
"Wheeler, Edward J. (Edward Jewitt), 1859-1922.",lcnaf,http://id.loc.gov/authorities/names/no97052912
"Wheeler, Emma M.",lcnaf,
"Wheeler, Frederick, 1862-",lcnaf,
"Wheeler, Ralph Emerson, 1901-",lcnaf,
"Wheeler, Wayne Bidwell, 1869-1927.",lcnaf,http://id.loc.gov/authorities/names/n93002796
"Wherry, Kenneth Spicer, 1892-1951.",lcnaf,http://id.loc.gov/authorities/names/no00074218
"Whipple, Charles Whiley, 1805-1855.",lcnaf,
"Whipple, Fred L. (Fred Lawrence), 1906-2004",lcnaf,http://id.loc.gov/authorities/names/n50017894
"Whipple, Guy Montrose, 1876-1941.",lcnaf,http://id.loc.gov/authorities/names/no98087298
"Whistler, James McNeill, 1834-1903.",lcnaf,http://id.loc.gov/authorities/names/n79032293
"Whitaker, Arthur Preston, 1895-1979.",lcnaf,http://id.loc.gov/authorities/names/n79134143
"Whitaker, Gilbert R.",lcnaf,http://id.loc.gov/authorities/names/n50017889
"White, Albert Easton",lcnaf,
"White, Albert Easton, 1884-1956.",lcnaf,
"White, Alfred H. (Alfred Holmes), 1873-",lcnaf,http://id.loc.gov/authorities/names/n89614035
"White, Alfred H. (Alfred Holmes), b. 1873.",lcnaf,
"White, Alfred.",lcnaf,
"White, Andrew Dickson, 1832-1918.",lcnaf,http://id.loc.gov/authorities/names/n80032033
"White, B. Joseph.",lcnaf,
"White, Charles A. (Charles Abiathar), 1826-1910.",lcnaf,http://id.loc.gov/authorities/names/n84124793
"White, Charles, b. 1873.",lcnaf,
"White, E. B. (Elwyn Brooks), 1899-1985.",lcnaf,http://id.loc.gov/authorities/names/n79054648
"White, Enoch J., 1814-1878.",lcnaf,
"White, George W., b. 1828.",lcnaf,
"White, Joseph B.",lcnaf,
"White, Lee A., b. 1886.",lcnaf,
"White, Leonard Dupee, 1891-1958.",lcnaf,http://id.loc.gov/authorities/names/n50020231
"White, Leslie A., 1900-1975.",lcnaf,http://id.loc.gov/authorities/names/n50020232
"White, Mary P.",lcnaf,
"White, Maxine Irwin.",lcnaf,
"White, Myrtle E.",lcnaf,
"White, Opal Tanner.",lcnaf,
"White, Orin, 1794-1864.",lcnaf,
"White, Peter, 1830-1908.",lcnaf,http://id.loc.gov/authorities/names/n92076718
"White, Stewart Edward, 1873-1946.",lcnaf,http://id.loc.gov/authorities/names/n50020243
"White, Trumbull, b. 1868.",lcnaf,
"White, Wallace Humphrey, 1877-1952.",lcnaf,http://id.loc.gov/authorities/names/no90004830
"White, Walter Francis, 1893-1955.",lcnaf,http://id.loc.gov/authorities/names/n50019876
"White, William A. (William Alanson), 1870-1937.",lcnaf,http://id.loc.gov/authorities/names/n79078167
"White, William Allen, 1868-1944.",lcnaf,http://id.loc.gov/authorities/names/n78096905
"White, William C.",lcnaf,
"Whitehead, Edward.",lcnaf,
"Whitehead, Nellie Wilson.",lcnaf,
"Whitehouse, William Whitcomb, 1891-",lcnaf,
"Whiteman, Paul, 1890-1967.",lcnaf,http://id.loc.gov/authorities/names/n83176688
"Whitfield, C. P.",lcnaf,
"Whitford, Albert E. (Albert Edward), 1905-2002",lcnaf,http://id.loc.gov/authorities/names/n2011017568
"Whiting, Allen Suess, 1926-",lcnaf,http://id.loc.gov/authorities/names/n79005659
"Whiting, Justin Rice, 1847-1903.",lcnaf,
"Whiting, Lilian, 1847-1942.",lcnaf,http://id.loc.gov/authorities/names/n88274605
"Whitman, Charles Otis, 1842-1910.",lcnaf,http://id.loc.gov/authorities/names/n91097963
"Whitman, Charles Rudolphus, b. 1847.",lcnaf,
"Whitney, Allen Sisson, 1857-1944.",lcnaf,
"Whitney, Asa, 1797-1872.",lcnaf,http://id.loc.gov/authorities/names/no89017066
"Whitney, Caspar, 1862-1929.",lcnaf,http://id.loc.gov/authorities/names/n85150580
"Whitney, Clarence J.",lcnaf,
"Whitney, Joseph H., b. 1858.",lcnaf,
"Whittaker, Alfred Heacock, 1894-",lcnaf,
"Whittemore, Charles Hanover, b. 1833.",lcnaf,
"Whittemore, George, 1831-1844.",lcnaf,
"Whittemore, Gideon Olin, 1800-1863.",lcnaf,
"Whittemore, Harlow Olin, 1889-1986.",lcnaf,
"Whittemore, James Olin, 1828-1889.",lcnaf,
"Whittemore, Lewis Bliss, 1885-",lcnaf,
"Whittemore, W. Frank.",lcnaf,
"Whittemore, William B., b. 1835.",lcnaf,
"Whittier, John Greenleaf, 1807-1892.",lcnaf,http://id.loc.gov/authorities/names/n80034928
"Whittier, Mathew Franklin.",lcnaf,
"Whitty, Michael D., 1942-",lcnaf,http://id.loc.gov/authorities/names/n00090181
"Wholihan, Timothy W.",lcnaf,
"Whyte, Malcolm K., 1891-1967.",lcnaf,
"Wiatrak, Ken.",lcnaf,
"Wicha, Max S.",lcnaf,http://id.loc.gov/authorities/names/n84176154
"Wichers, W. C. (Willard C.)",lcnaf,http://id.loc.gov/authorities/names/n86835329
"Wickersham, George W. (George Woodward), 1858-1936.",lcnaf,http://id.loc.gov/authorities/names/n88030093
"Wickliffe, Letty M., 1902-",lcnaf,
"Widmann, Otto, 1841-1933.",lcnaf,
"Wieffenbach, Albert C.",lcnaf,
"Wieland, Heinrich, 1877-1957.",lcnaf,
"Wiencek, Ruth.",lcnaf,
"Wiener, Richard.",lcnaf,
"Wier, E. G.",lcnaf,
"Wiest, Howard, 1864-1945.",lcnaf,
"Wiggin, Kate Douglas Smith, 1856-1923.",lcnaf,http://id.loc.gov/authorities/names/n50015699
"Wilbur, Curtis Dwight, 1867-1954.",lcnaf,http://id.loc.gov/authorities/names/n96105739
"Wilbur, Ray L. (Ray Lyman), 1875-1949.",lcnaf,http://id.loc.gov/authorities/names/n79032212
"Wilbur, Ray Lyman, 1875-1949.",lcnaf,http://id.loc.gov/authorities/names/n79032212
"Wilcox, Clarence Edward, 1880-1958.",lcnaf,
"Wilcox, Delos F. (Delos Franklin), 1873-1928.",lcnaf,http://id.loc.gov/authorities/names/n85199992
"Wilcox, Ella Wheeler, 1850-1919.",lcnaf,
"Wilcox, Orland B.",lcnaf,
"Wilcox, Walter Francis, 1861-",lcnaf,
"Wild, George.",lcnaf,
"Wilder, Burt Green, 1841-1925.",lcnaf,http://id.loc.gov/authorities/names/no97020935
"Wilder, George D. (George Durand), b. 1869.",lcnaf,
"Wilder, Theodore Stanley.",lcnaf,
"Wilder, Thornton, 1897-1975.",lcnaf,
"Wiley, Alexander, 1884-1967.",lcnaf,http://id.loc.gov/authorities/names/n92061732
"Wiley, Franklin Baldwin, 1861-1930.",lcnaf,
"Wiley, Merlin, 1875-",lcnaf,
"Wilgress, Leolyn Dana, 1892-1969",lcnaf,http://id.loc.gov/authorities/names/n96083175
"Wilgus, A. Curtis (Alva Curtis), 1897-1981.",lcnaf,http://id.loc.gov/authorities/names/n50017308
"Wilgus, Horace L. (Horace La Fayette), 1859-1935.",lcnaf,http://id.loc.gov/authorities/names/no91009574
"Wilhelm, Ross Johnston, 1920-1983.",lcnaf,
"Wilkins, Roy, 1901-1981",lcnaf,http://id.loc.gov/authorities/names/n81147511
"Wilkinson, Frank, 1914-2006",lcnaf,http://id.loc.gov/authorities/names/no2006004100
"Wilkinson, Warren S.",lcnaf,
"Wilkinson, William Henry, 1819-1890.",lcnaf,
"Willard, Daniel, 1861-1942.",lcnaf,http://id.loc.gov/authorities/names/n91041670
"Willard, Frances E. (Frances Elizabeth), 1839-1898.",lcnaf,http://id.loc.gov/authorities/names/n50017062
"Willard, Frances Elizabeth, 1839-1898.",lcnaf,http://id.loc.gov/authorities/names/n50017062
"Willcox, Orlando B.",lcnaf,http://id.loc.gov/authorities/names/n85207629
"Willcox, William B., 1907-1985",lcnaf,http://id.loc.gov/authorities/names/n80113005
"Willeke, Leonard Bernard, 1884-1970.",lcnaf,http://id.loc.gov/authorities/names/n85195123
"Willett, Charles Joseph, b. 1849.",lcnaf,
"Willey, Gordon R. (Gordon Randolph), 1913-2002",lcnaf,http://id.loc.gov/authorities/names/n79117145
"Williams, Alfred Leonzo, 1808-1886.",lcnaf,
"Williams, Allan M. (Allan Mackenzie), 1892-1979.",lcnaf,
"Williams, Asa, 1802-1869.",lcnaf,
"Williams, Benedict.",lcnaf,
"Williams, Charl Ormond, 1885-1969",lcnaf,http://id.loc.gov/authorities/names/n91053329
"Williams, Charles David, 1860-1923.",lcnaf,http://id.loc.gov/authorities/names/no2003056349
"Williams, Frank.",lcnaf,
"Williams, G. Mennen, 1911-",lcnaf,
"Williams, G. Mennen, 1911-1988.",lcnaf,http://id.loc.gov/authorities/names/n80084463
"Williams, G. Mennen, Mrs.",lcnaf,http://id.loc.gov/authorities/names/n80070288
"Williams, Gardner Stewart, 1866-1931.",lcnaf,http://id.loc.gov/authorities/names/no2013062839
"Williams, George Palmer, 1802-1881.",lcnaf,http://id.loc.gov/authorities/names/nr2005027879
"Williams, Harrison A.",lcnaf,
"Williams, Harvey, 1812-1867.",lcnaf,
"Williams, Jasper.",lcnaf,http://id.loc.gov/authorities/names/n96058549
"Williams, John R., 1782-1854.",lcnaf,http://id.loc.gov/authorities/names/nr2005001649
"Williams, John Sharp, 1854-1932.",lcnaf,http://id.loc.gov/authorities/names/n88156270
"Williams, Joseph R., 1808-1861.",lcnaf,
"Williams, Joseph W.",lcnaf,
"Williams, Lucy V.",lcnaf,
"Williams, R. E. O. (Robert Evan Owen)",lcnaf,http://id.loc.gov/authorities/names/n88044219
"Williams, Ralph G.",lcnaf,http://id.loc.gov/authorities/names/n92111975
"Williams, Ralph.",lcnaf,
"Williams, Robert F. (Robert Franklin), 1925-1996.",lcnaf,http://id.loc.gov/authorities/names/n98064955
"Williams, Robert F., 1925-1996",lcnaf,
"Williams, Robert Lewis, 1903-",lcnaf,
"Williams, Roy L.",lcnaf,http://id.loc.gov/authorities/names/n2003023429
"Williams, Stephen, 1926-",lcnaf,http://id.loc.gov/authorities/names/n85133207
"Williams, W. L. (William Lee), 1937-",lcnaf,http://id.loc.gov/authorities/names/n85085921
"Williams, W. L. (William Lee), 1937-1986",lcnaf,
"Williams, Wallace C., 1921-",lcnaf,
"Williamson, Edward Bruce, 1878-1933.",lcnaf,
"Williamson, I. D. (Isaac Dowd), 1807-1876.",lcnaf,http://id.loc.gov/authorities/names/nr99022529
"Willis, Mattie Azalia, 1912-1970.",lcnaf,
"Willits, Mr. (Edwin), 1830-1896.",lcnaf,http://id.loc.gov/authorities/names/no94032288
"Willkie, Wendell L. (Wendell Lewis), 1892-1944.",lcnaf,http://id.loc.gov/authorities/names/n50019256
"Willoughby, Westel Woodbury, 1867-1945.",lcnaf,http://id.loc.gov/authorities/names/n78087996
"Willson, J. Robert (James Robert), 1912-",lcnaf,http://id.loc.gov/authorities/names/n79018910
"Willstðatter, Richard, 1872-1942.",lcnaf,
"Wilse, Jack, 1906-",lcnaf,
"Wilson, Andrew F., 1918-",lcnaf,
"Wilson, Betty Douglas.",lcnaf,
"Wilson, Charles Carroll.",lcnaf,
"Wilson, Charles Erwin, 1890-1961.",lcnaf,http://id.loc.gov/authorities/names/n94079033
"Wilson, Edmund, 1895-1972.",lcnaf,http://id.loc.gov/authorities/names/n79043459
"Wilson, George Grafton, 1863-1951.",lcnaf,http://id.loc.gov/authorities/names/n82217363
"Wilson, George.",lcnaf,
"Wilson, Halsey William, 1868-1954.",lcnaf,http://id.loc.gov/authorities/names/no2006028724
"Wilson, J. Weldon.",lcnaf,
"Wilson, James T. (James Tinley), 1914-",lcnaf,http://id.loc.gov/authorities/names/nr92034504
"Wilson, James T. (James Tinley), 1914-1978.",lcnaf,
"Wilson, James, 1835-1920.",lcnaf,http://id.loc.gov/authorities/names/nr94000727
"Wilson, John E.",lcnaf,
"Wilson, John, 1822-1907.",lcnaf,
"Wilson, Kenneth L. (Kenneth Leon), 1896-1979.",lcnaf,http://id.loc.gov/authorities/names/no00093115
"Wilson, Leroy Allen.",lcnaf,
"Wilson, Linda.",lcnaf,
"Wilson, Matilda R. Dodge.",lcnaf,
"Wilson, Nel.",lcnaf,
"Wilson, Richard G.",lcnaf,
"Wilson, Robert Carlton, 1909-",lcnaf,
"Wilson, Robert S., d. 1883.",lcnaf,
"Wilson, Robert.",lcnaf,
"Wilson, Woodrow, 1856-1924.",lcnaf,http://id.loc.gov/authorities/names/n79046299
"Winans, Edwin B., 1826-1894.",lcnaf,
"Winchell, Alexander, 1824-1891.",lcnaf,http://id.loc.gov/authorities/names/n85828861
"Winchell, N. H. (Newton Horace), 1839-1914.",lcnaf,http://id.loc.gov/authorities/names/n84124790
"Winchell, Walter, 1897-1972.",lcnaf,http://id.loc.gov/authorities/names/n80086237
"Windt, Valentine, 1901-1955.",lcnaf,
"Wine, Sherwin T.",lcnaf,http://id.loc.gov/authorities/names/n78019087
"Wineberg, Susan.",lcnaf,http://id.loc.gov/authorities/names/n94008151
"Winegar, George O.",lcnaf,http://id.loc.gov/authorities/names/n93098942
"Winegar, William, b. 1827.",lcnaf,
"Winegarner, Charles W.",lcnaf,
"Wines, Levi Douglas, 1852-1938.",lcnaf,
"Wing, Austin Eli, 1792-1849.",lcnaf,http://id.loc.gov/authorities/names/nr2002002001
"Wingrove, Kendall.",lcnaf,
"Winograd, Morley, 1942-",lcnaf,
"Winograd, Morley.",lcnaf,http://id.loc.gov/authorities/names/n95107637
"Winrod, Gerald B. (Gerald Burton)",lcnaf,http://id.loc.gov/authorities/names/n83065962
"Winship, George Parker, 1871-1952.",lcnaf,http://id.loc.gov/authorities/names/n50015326
"Winslow, Erving, 1839-1922.",lcnaf,http://id.loc.gov/authorities/names/n90721941
"Winslow, Rollin.",lcnaf,
"Winter, John Garrett, 1881-1956.",lcnaf,http://id.loc.gov/authorities/names/n89622786
"Winters, Robert Kirby, 1902-",lcnaf,
"Wirth, Conrad Louis, 1899-1993",lcnaf,http://id.loc.gov/authorities/names/n80004224
"Wirtz, Willard, 1912-2010",lcnaf,http://id.loc.gov/authorities/names/n82077185
"Wise, Henry A. (Henry Alexander), 1806-1876.",lcnaf,http://id.loc.gov/authorities/names/n84017802
"Wise, Stephen S. (Stephen Samuel), 1874-1949.",lcnaf,http://id.loc.gov/authorities/names/n80051355
"Wise, Stephen Samuel, 1874-1949.",lcnaf,http://id.loc.gov/authorities/names/n80051355
"Wise, William Edward",lcnaf,
"Wishart, Alfred Wesley, 1865-1933.",lcnaf,http://id.loc.gov/authorities/names/no96012167
"Wiskemann, Geneva K.",lcnaf,http://id.loc.gov/authorities/names/n80154651
"Wisner, Moses, 1815-1863.",lcnaf,
"Wisniach, Stan, 1923-2007.",lcnaf,
"Wisniewski, Joseph, 1906-",lcnaf,
"Wister, Owen, 1860-1938.",lcnaf,http://id.loc.gov/authorities/names/n79093083
"Witherspoon, Frances M., 1886-1973.",lcnaf,
"Withey, Solomon L., 1820-1886.",lcnaf,
"Withington, William Herbert, 1835-1903.",lcnaf,http://id.loc.gov/authorities/names/n2007052748
"Witt, Laurence L.",lcnaf,
"Witte, John.",lcnaf,
"Wittgenstein, Ludwig, 1889-1951.",lcnaf,http://id.loc.gov/authorities/names/n79032058
"Witthoft, John.",lcnaf,http://id.loc.gov/authorities/names/nr93005836
"Wohlfield, Shirley.",lcnaf,
"Wojsowski, Anthony.",lcnaf,
"Wojtowicz, Harriet.",lcnaf,
"Wolanin, Thomas R., 1942-",lcnaf,
"Wolcott, Jesse Paine, 1893-1969.",lcnaf,http://id.loc.gov/authorities/names/no2009003618
"Wolcott, Laurens W.",lcnaf,
"Wolf, Eric R., 1923-1999.",lcnaf,http://id.loc.gov/authorities/names/n50014755
"Wolfe, Arthur C.",lcnaf,
"Wolfe, Harry Kirke, 1858-1918.",lcnaf,
"Wolfe, Joan.",lcnaf,
"Wolfe, Rolland, 1902-",lcnaf,http://id.loc.gov/authorities/names/n82147279
"Wolfe, Shirley P.",lcnaf,
"Wolfe, Shirley P., collector.",lcnaf,
"Wolff, Stephen.",lcnaf,
"Wollenberg, R. A. C.",lcnaf,
"Womack, Farris W.",lcnaf,http://id.loc.gov/authorities/names/n2002104663
"Wonder, Stevie.",lcnaf,
"Wood, De Volson, 1832-1897.",lcnaf,http://id.loc.gov/authorities/names/n84805012
"Wood, Edwin O., b. 1840.",lcnaf,
"Wood, Henry A. Wise (Henry Alexander Wise), 1866-1939.",lcnaf,http://id.loc.gov/authorities/names/no99021353
"Wood, James C. (James Craven), b. 1858.",lcnaf,
"Wood, John S. (John Stephens), 1885-1968",lcnaf,http://id.loc.gov/authorities/names/n2001147347
"Wood, L. Hollingsworth (Levi Hollingsworth), 1874-1956.",lcnaf,http://id.loc.gov/authorities/names/n90660600
"Wood, Leonard, 1860-1927.",lcnaf,
"Wood, Norman Asa, 1857-",lcnaf,
"Wood, Robert E.",lcnaf,
"Wood, W. W.",lcnaf,
"Wood, Will R. (Will Robert), 1861-1933.",lcnaf,http://id.loc.gov/authorities/names/n91089432
"Woodard, C. S. (Charles Sherman)",lcnaf,
"Woodberry, George Edward, 1855-1930.",lcnaf,http://id.loc.gov/authorities/names/n80033936
"Woodbridge, Homer E. (Homer Edwards), 1882-1958",lcnaf,http://id.loc.gov/authorities/names/no2003125672
"Woodbridge, William, 1780-1861.",lcnaf,http://id.loc.gov/authorities/names/n88159841
"Woodburne, Lloyd S. (Lloyd Stuart), 1906-1992",lcnaf,http://id.loc.gov/authorities/names/n88127638
"Woodcock, Leonard.",lcnaf,
"Woodfill, W. Stewart, b. 1896.",lcnaf,http://id.loc.gov/authorities/names/no94018741
"Woodfolk, Josiah Pitts, 1894-",lcnaf,
"Woodford, Frank B. (Frank Bury), 1903-1967.",lcnaf,http://id.loc.gov/authorities/names/no95023108
"Woodin, William H. (William Hartman), 1868-1934.",lcnaf,http://id.loc.gov/authorities/names/n85185303
"Wooding, Nelle.",lcnaf,
"Woodman, Jonathan J., b. 1825.",lcnaf,
"Woodring, Harry Hines, 1887-1967.",lcnaf,http://id.loc.gov/authorities/names/no98106282
"Woodruff, Alice.",lcnaf,
"Woodruff, Edwin F.",lcnaf,
"Woodruff, Eugene Cyrus, 1871-1944",lcnaf,http://id.loc.gov/authorities/names/no2008030935
"Woodruff, John G.",lcnaf,
"Woodruff, Roy Orchard, 1876-1953.",lcnaf,http://id.loc.gov/authorities/names/no2009003300
"Woods, Donald W.",lcnaf,
"Woods, Dorothy.",lcnaf,
"Woods, Gloria.",lcnaf,
"Woods, John A., 1914-1989.",lcnaf,
"Woodside, Willson.",lcnaf,
"Woodward, Augustus B. (Augustus Brevoort), d. 1827.",lcnaf,
"Woodward, C. Vann (Comer Vann), 1908-1999",lcnaf,http://id.loc.gov/authorities/names/n81050736
"Woodward, Robert Simpson, 1849-1924.",lcnaf,http://id.loc.gov/authorities/names/n85808766
"Woodworth, Robert Sessions, 1869-1962.",lcnaf,http://id.loc.gov/authorities/names/n50048500
"Woody, Ann.",lcnaf,
"Woody, Woodrow W.",lcnaf,
"Woolf, Virginia, 1882-1941.",lcnaf,http://id.loc.gov/authorities/names/n79041870
"Woollcott, Alexander, 1887-1943.",lcnaf,http://id.loc.gov/authorities/names/n80024589
"Woolley, John G. (John Granville), 1850-1922.",lcnaf,http://id.loc.gov/authorities/names/no97068420
"Woolley, Joseph William.",lcnaf,
"Woolner, Sidney H. (Sidney Henry), 1911-",lcnaf,http://id.loc.gov/authorities/names/n91098961
"Woolridge, C. W.",lcnaf,
"Worcester, Dean C. (Dean Conant), 1866-1924.",lcnaf,http://id.loc.gov/authorities/names/n86828116
"Worcester, Nanon Fay Leas.",lcnaf,
"Worden, J. H.",lcnaf,
"Work, Hubert, 1860-1942.",lcnaf,http://id.loc.gov/authorities/names/n88222547
"Worrell, Margaret H.",lcnaf,
"Worth, Jean, 1904-1987.",lcnaf,
"Wreford, William B.",lcnaf,
"Wrentmore, Clarence George, 1867-1934.",lcnaf,
"Wright, Charles H., 1918-",lcnaf,http://id.loc.gov/authorities/names/n84044756
"Wright, Dorothea Mason.",lcnaf,
"Wright, Fannie E. Pettibone, 1836-1925.",lcnaf,
"Wright, Frank Lloyd, 1867-1959.",lcnaf,http://id.loc.gov/authorities/names/n79032932
"Wright, Irene Aloha, 1879-1972.",lcnaf,http://id.loc.gov/authorities/names/n50028669
"Wright, James F.",lcnaf,
"Wright, Luke E., 1846-1922.",lcnaf,http://id.loc.gov/authorities/names/n97067632
"Wright, Luther Lamphere, 1856-1922.",lcnaf,
"Wright, Mary Clabaugh.",lcnaf,
"Wright, Orville, 1871-1948.",lcnaf,http://id.loc.gov/authorities/names/n79077414
"Wright, Philo Elizar, 1828-1876.",lcnaf,
"Wright, Philo Sherman, 1862-",lcnaf,
"Wright, Quincy, 1890-1970.",lcnaf,http://id.loc.gov/authorities/names/n80056647
"Wright, Robin B., 1948-",lcnaf,http://id.loc.gov/authorities/names/n85069365
"Wright, Susan",lcnaf,
"Wright, Susan, 1939-",lcnaf,http://id.loc.gov/authorities/names/n88154682
"Wriston, Henry M. (Henry Merritt), 1889-1978",lcnaf,http://id.loc.gov/authorities/names/n89628527
"Wroth, Lawrence C. (Lawrence Counselman), 1884-1970.",lcnaf,http://id.loc.gov/authorities/names/n83013542
"Wu, Shien-Ming, 1924-1992",lcnaf,
"Wu, Shien-Minh, 1924-1992.",lcnaf,
"Wulp, Patricia.",lcnaf,
"Wyatt, Wilson W. (Wilson Watkins), 1905-1996",lcnaf,http://id.loc.gov/authorities/names/n85025116
"Wycoff, Ralph W. G. (Ralph Walter Graystone), 1897-",lcnaf,
"Wykes, Roger Irving, 1874-",lcnaf,
"Wylie, Philip, 1902-1971.",lcnaf,http://id.loc.gov/authorities/names/n79145476
"Wyllie, Cleland B., 1906-1979.",lcnaf,
"Wyman, Irma.",lcnaf,
"Wynner, Edith.",lcnaf,http://id.loc.gov/authorities/names/n90702753
"X, Malcolm, 1925-1965.",lcnaf,http://id.loc.gov/authorities/names/n79148296
"Yaeger, Charles E., 1904-",lcnaf,
"Yarborough, Ralph Webster, 1903-1996",lcnaf,http://id.loc.gov/authorities/names/n84160200
"Yarmolinsky, Avrahm, 1890-1975",lcnaf,http://id.loc.gov/authorities/names/n50013985
"Yates, Peter, 1941-",lcnaf,
"Yeater, Charles Emmett, b. 1861.",lcnaf,
"Yenney, Elmer.",lcnaf,
"Yerkes, Robert Mearns, 1876-1956.",lcnaf,http://id.loc.gov/authorities/names/n79139023
"Yih, Chia-Shun, 1918-1997.",lcnaf,http://id.loc.gov/authorities/names/n79138705
"Yntema, Hessel E.",lcnaf,http://id.loc.gov/authorities/names/no95054273
"Yoakum, Clarence Stone, 1879-1945.",lcnaf,http://id.loc.gov/authorities/names/n2006182445
"Yoder, Thomas.",lcnaf,
"York, Alvin Cullum, 1887-1964.",lcnaf,http://id.loc.gov/authorities/names/n84048479
"Yorty, Samuel William, 1909-",lcnaf,
"Yost, Eunice Josephine Fite, 1881-1975.",lcnaf,
"Yost, Fielding Harris, 1871-1946.",lcnaf,http://id.loc.gov/authorities/names/n92051380
"Yost, Lawrence, 1915-",lcnaf,
"Young, Claud.",lcnaf,http://id.loc.gov/authorities/names/n95054974
"Young, Clifford Caudy, 1885-1944.",lcnaf,
"Young, Coleman A.",lcnaf,http://id.loc.gov/authorities/names/n88013165
"Young, Coleman A., 1918-1997.",lcnaf,
"Young, Edward, 1887-1964.",lcnaf,
"Young, Ella Flagg, 1845-1918.",lcnaf,http://id.loc.gov/authorities/names/nr98042519
"Young, Horace Olin, 1850-1917.",lcnaf,
"Young, John G.",lcnaf,
"Young, John, 1802-1852.",lcnaf,http://id.loc.gov/authorities/names/no89019749
"Young, Leigh Jarvis, 1883-1960.",lcnaf,
"Young, Marilyn Blatt.",lcnaf,http://id.loc.gov/authorities/names/n81021831
"Young, Milton Ruben, 1897-1983.",lcnaf,http://id.loc.gov/authorities/names/n84125435
"Young, Ralph.",lcnaf,
"Young, Roy A.",lcnaf,http://id.loc.gov/authorities/names/nr2006029519
"Young, Stephen M. (Stephen Marvin), 1889-1984.",lcnaf,http://id.loc.gov/authorities/names/n93021506
"Young, Watson.",lcnaf,
"Young, William Wesley, 1868-",lcnaf,
"Youngblood, Harold Francis, 1907-",lcnaf,
"Youngdahl, Luther W., 1896-1978",lcnaf,http://id.loc.gov/authorities/names/n80139263
"Youtie, Herbert Chayyim, 1904-1980.",lcnaf,http://id.loc.gov/authorities/names/n50014614
"Youtie, Louise C. (Louise Canberg)",lcnaf,http://id.loc.gov/authorities/names/n96034625
"Youtz, Frances May Leffler, 1897-1975.",lcnaf,
"Youtz, Philip Newell, 1895-1972.",lcnaf,http://id.loc.gov/authorities/names/n85050285
"Yu, Jessica.",lcnaf,http://id.loc.gov/authorities/names/no96050440
"Zak, Albert J.",lcnaf,
"Zald, Mayer N.",lcnaf,http://id.loc.gov/authorities/names/n79034912
"Zander, Alvin Frederick, 1913-",lcnaf,http://id.loc.gov/authorities/names/n82020574
"Zane, John Maxcy, 1863-1937.",lcnaf,http://id.loc.gov/authorities/names/no90008734
"Zaremba, John A., 1894-",lcnaf,
"Zatret, Phil.",lcnaf,
"Zavala, Silvio Arturo, 1909-2014.",lcnaf,http://id.loc.gov/authorities/names/n50017388
"Zeder, Fred, 1886-",lcnaf,http://id.loc.gov/authorities/names/n94111430
"Zeeb, Louise.",lcnaf,
"Zeeman, Pieter, 1865-1943.",lcnaf,
"Zeidman, Fred.",lcnaf,
"Zeigen, Frederic H., 1874-",lcnaf,
"Zelenko, A. V.",lcnaf,http://id.loc.gov/authorities/names/no2001087094
"Zhang, Fuliang, b. 1889.",lcnaf,
"Ziegler, Charles M., 1888-1959.",lcnaf,http://id.loc.gov/authorities/names/no2009000099
"Zimmerman, Fred R.",lcnaf,
"Zimmerman, William, 1936-",lcnaf,http://id.loc.gov/authorities/names/n82004962
"Zimmermann, Ernest R.",lcnaf,
"Zinn, Karl L.",lcnaf,
"Ziwet, Alexander, 1853-1928.",lcnaf,http://id.loc.gov/authorities/names/n85808768
"Zoller, John, 1889-",lcnaf,
"Zon, Raphael, 1874-1956.",lcnaf,http://id.loc.gov/authorities/names/n86857193
"Zorn, Jens C.",lcnaf,http://id.loc.gov/authorities/names/n92032172
"Zorn, Jens C., 1931-",lcnaf,
"Zueblin, Charles, 1866-1924.",lcnaf,
"Zweifler, Ruth.",lcnaf,
"Zweig, Stefan, 1881-1942.",lcnaf,http://id.loc.gov/authorities/names/n79138567
"Zwerdling, Osias.",lcnaf,
